site,A,C,D,E,F,G,H,I,K,L,M,N,P,Q,R,S,T,V,W,Y
100,0.009840756994352324,0.002001863622268324,0.005072426428501645,0.009651384564797767,0.08720144253750668,0.0007508897481983737,0.002464707014172778,0.15322589233538222,0.0050704698363538405,0.10490680563230544,0.4920854158017087,0.005275021754317044,0.009840664347924868,0.01213547285531068,0.0022856622300108996,0.002619981615270192,0.003511335938745879,0.08180601132643055,0.008454796168220872,0.001798999248220755
101,0.2245991134694291,0.02400866752292989,0.04055642020948875,0.014324188413218414,0.010272550367211346,0.010059223187035605,0.003522283424605146,0.2539085974212457,0.0008153501030943738,0.011516858037639912,0.05209256744230067,0.044550645831718506,0.018373864741630247,0.0021754322226260306,0.0008609986185287875,0.0031467184151736543,0.053018058525850335,0.22480325632570122,0.005919610421923355,0.001475595298648768
102,0.0357635682232011,0.005566561575395124,0.10547368894091481,0.08596038126505597,0.13186774982336436,0.023056597024752542,0.03742564517746126,0.033170499563640155,0.007422446320035631,0.031133039947177567,0.08323980722182392,0.07515982059834685,0.020199787676337976,0.04363183533946555,0.026281268680887166,0.042542501854772936,0.054062719576185476,0.03907815436817635,0.09347380045462801,0.025490126368377223
103,0.10159782373718947,0.003361158740808748,0.0548632582223817,0.11974129469019373,0.02824213604904716,0.06044191691623781,0.049779581730714506,0.010576236956754083,0.026540867003609366,0.013926835320616301,0.0977360503304312,0.02978540252846317,0.001627193711177939,0.17364656025084577,0.014402599447669253,0.09002058873294351,0.05165664247266953,0.021402295456348728,0.01831728435535439,0.03233427334654379
104,0.06432833540932112,0.006915662964351669,0.0027452318323961345,0.004950247640896563,0.034573683313562885,0.0006339457819068251,0.01229405718008738,0.12832757621730842,0.0027030999247898,0.3445241404368449,0.19347917812801863,0.0017812697842573407,0.0006075843860626154,0.00775153949425862,0.0002108127587038949,0.0012262580768193803,0.06211190881492626,0.0934745720139285,0.0038478990442224045,0.033512996797336624
105,0.07346212433160589,0.007115489472868049,0.011406233195074831,0.016483247896536084,0.015874868767822386,0.013778794747073535,0.1676830911120943,0.012443792726272626,0.04691351786009969,0.05803656852777664,0.0344757354456798,0.19563101420280396,0.000579191164374427,0.10057026643802136,0.05172810220597892,0.052539578360408706,0.02079323251095195,0.0020573432258056998,0.10807032409770977,0.010357483711041306
106,0.051398217827900626,0.02246661141256142,0.08491247559714572,0.09180980017857554,0.09081582915071744,0.027954106995426362,0.02164129025998531,0.0455188313376739,0.024884051050025047,0.0746204510299547,0.052028668857345514,0.038914417703383594,9.610792056360602e-05,0.037046616392723476,0.012057031112430021,0.04494717893034095,0.05528222046121815,0.08860287832933691,0.09785385332920968,0.037149362123481855
107,0.009778841825285796,0.004149651188264902,0.6292819170438207,0.042099225549410174,0.001690303700247869,0.025068252352761188,0.018105803750762508,0.0020159547855583917,0.0014422271756333674,0.008658118547141536,0.010627068187946445,0.018271521629245963,0.0033846029385919,0.007553664801259489,0.0014277555222422654,0.042400380882008794,0.15744651287300038,0.005732658605234303,0.006314398037469232,0.004551140604114785
108,0.1405385527646466,0.04003712104101089,0.006580234950258551,0.002012588581468583,0.03571241839917659,0.0004857312818176733,0.05435425314225265,0.23740992302675418,0.005073586335025365,0.034461768940998665,0.08005250706562181,0.016715788174544433,0.0014127710295879002,0.03022877476667346,0.009496572755185348,0.07844988949175809,0.07923499547308926,0.12288045221459337,0.015892502273157708,0.008969568292378927
109,0.011737284036326102,0.01736498576854073,0.06311301381718355,0.07640162660410671,0.011673873119324732,0.009319299803516121,0.055075034602197426,0.05058557248377291,0.017563020519359873,0.15636362357896738,0.062300637348839394,0.08730350710785373,0.00493923016532148,0.19268989111545018,0.023472241711409422,0.014945722334508903,0.01636079074314799,0.08929893800241026,0.006575543601001576,0.03291616353676161
110,0.05844357736061362,0.02644973887845462,0.05444163796132386,0.05173460000312862,0.08271905811734538,0.05801879904185768,0.08440688875141483,0.01448986559316361,0.041592220210346385,0.018304033032575617,0.021150007865162405,0.10147768503324518,0.0010577489367463127,0.05684898934733177,0.04680050990883905,0.07064586032297586,0.08547284631439468,0.02699264953786911,0.039791500858425415,0.05916178292478597
111,0.019280091129077345,0.02269972080893347,0.010088950124425669,0.012558010868192632,0.0029358275199749912,0.0027641001464163853,0.1412596461661767,0.2297216996729755,0.008784396764343758,0.20264755284801297,0.036632685939622274,0.002535718944985085,0.001543385854274046,0.1304722231408247,0.0006320610093716537,0.003219159363551689,0.05955484305959814,0.09916736679399513,0.01018703447415323,0.003315525371094522
112,0.050615313798949735,0.007411135276211693,0.0019914983302554115,0.002111763346308442,0.23388190992177135,0.009895143927903879,0.016275676335000013,0.007939617414254028,0.0012081845092936523,0.0038894317334400496,0.17971257377840866,0.012953301116625498,0.0006912537139567309,0.0729326356035438,0.0009192432135518664,0.055554932375634455,0.08300088546581404,0.07863307846486847,0.0765379123044265,0.10384450936978165
113,0.08338171380812164,0.0010459696213716656,0.06906671837168468,0.11766273097512098,0.01708664349411327,0.07616773330773575,0.06649216906974736,0.002176312821634851,0.010306546809550638,0.017126349175937257,0.12945430421721524,0.0027755891549969226,0.0003488631795912463,0.10930317462570424,0.008755588167162216,0.09776875338628084,0.16291653813208776,0.006983009150914244,0.009944198417296156,0.01123709411373294
114,0.11262329175329348,0.03860033635425193,0.10899422343158552,0.29646006609270603,0.012997394974550054,0.01321066203651505,0.0298395322161466,0.032435107993566525,0.024956522714334493,0.005717165044920911,0.02592926734178182,0.04196558621428755,0.0006599768756752002,0.08086683854722763,0.035932105566846936,0.02226479913095139,0.019331331870387953,0.014924089104054213,0.04044622788221378,0.04184547485470298
115,0.29034821706654385,0.003753813930241007,0.0023127390498963764,0.006979473506981099,0.09262877747426977,0.026592419239320077,0.016472600062908377,0.01567813525857314,0.002721106768563645,0.007194410680116416,0.2520973082698873,0.006693075392866118,0.0004580845477937321,0.02542368928869204,0.03607273542015636,0.1437137843650112,0.025784871703557935,0.018976821929408617,0.007982492102265832,0.018115443942947104
116,0.01906448767137834,0.00649339273508226,0.003499892521429116,0.006979399585523633,0.012678711567655506,0.002954048355868078,0.003199461310633767,0.05498326292407731,0.05063784265028507,0.5187817203376662,0.11962013380984282,0.018664966352743367,0.001646367800563284,0.028315856410306216,0.0036435344704491587,0.017356291173912786,0.06515432099023957,0.017910316168312863,0.015337765720155336,0.033078227443875334
117,0.06536618421605626,0.020691211908910382,0.11350220778508445,0.1949521511507592,0.02575965167649423,0.08740123797499635,0.029829351954530795,0.011452278073434794,0.04949600508523911,0.04665416960499,0.027895873052584282,0.010716037553021699,0.0005329492556365623,0.04278088266198632,0.0404646358534415,0.09820823555895224,0.030814871474106442,0.030641466236192766,0.04247286510069196,0.030367733822890687
118,0.07429463601103259,0.00565097358116629,0.0018467106539020654,0.026542428892764154,0.08171677899012723,0.018287788143558484,0.0009709611825060378,0.03975502183887101,0.00021235786262524385,0.0014332161580139122,0.07659521855028295,0.0017880595766064113,0.08663925684369704,0.14676581575662523,0.0006129990396465635,0.15719879140357126,0.08127609173740812,0.10353496882709975,0.028490309687674267,0.06638761526282126
119,0.1883220533778203,0.2650582740129344,0.0038505326158056463,0.013064765440420885,0.016041448843639252,0.0038593030856830697,0.0636737194960069,0.00910601803238131,0.007393569071056752,0.018144949042481533,0.07480290243638386,0.021492745647542544,0.0008737614665816512,0.10166602815118703,0.02596462105622033,0.038483062208435045,0.008188997532682301,0.030101484498370294,0.06368805231790503,0.04622371166646199
120,0.04033191326152409,0.02296530692900563,0.02251999863301987,0.053315616233895746,0.009828045500922797,0.04550111197810222,0.01044807786108925,0.028428140647754035,0.026061778557761955,0.16710138939762748,0.06087265992218146,0.003528241613888811,0.0031790568803050276,0.046464407943878946,0.015859748870688476,0.014719708742023241,0.18507319512028272,0.22420055818561893,0.0141081815508876,0.0054928621695419615
121,0.021423786262867714,0.12177135890012007,0.0022668136133928173,0.07390405721195854,0.003732538429857821,0.025718488653217554,0.017199074391070202,0.029609591252200147,0.11582296532480123,0.016430702318171033,0.010639533196468494,0.16959064524043033,0.033052109929969764,0.04362416963075311,0.03593313483252764,0.19044504842272544,0.02128537076595301,0.06148644691401896,0.001882534208470701,0.004181630501025235
122,0.007139943064564987,0.003692025319158637,0.0015133933794393107,0.0019178946173822537,0.005311366592978977,0.007305485852163537,0.00423904860263179,0.024627937954965665,0.0022602070078407742,0.877943030952452,0.010396686517970117,0.006431436681568067,0.0014636542775098966,0.002726744885955252,0.002239780202676018,0.0010374129001142702,0.015686192998788862,0.017431829122078482,0.005185801367478607,0.001450127702282481
123,0.06873877828915768,0.010439317248972634,0.011095484366577101,0.1465741617716136,0.011442360119080782,0.08181423242232347,0.0954478450948649,0.013960000525301035,0.030366146474715208,0.03431078842370961,0.04657604011868939,0.055110431017519876,0.005821575998614458,0.0077256570291981425,0.03126328826106518,0.12294412797395143,0.16222015525500186,0.009091024505464212,0.028329869372454027,0.0267287157317254
124,0.02190604881019185,0.012389394597083114,0.1571465919548193,0.09327621753581826,0.009371169207795103,0.11454835336221758,0.029108952692260073,0.01562048301073783,0.004629889409160431,0.012871530624888399,0.02602341888504692,0.14964174825415458,0.06675836475099843,0.1090533199969358,0.011116618576147727,0.06463793625356014,0.03799377707641086,0.042148942661889933,0.01820334052991944,0.0035539018099643668
125,0.018580988559577082,0.023094442268429917,0.011103088929660696,0.003224993207833393,0.006625236097706764,0.0019909951520179887,0.03152563912774138,0.040575709778611,0.009305108277169152,0.7621151225186109,0.04554903621292422,0.0020248547356390926,0.0021133656151011487,0.0018316548915741824,0.0043088738314848475,0.005789048611366569,0.004777831099929685,0.006145521078673837,0.0075825002723248335,0.011735989733623185
126,0.0022850158979415072,0.8682099045980042,0.004203107636634922,0.007492090935084558,0.028576672573071296,0.005856035496438226,0.009117029460211994,0.002089044926710269,0.004152268710262845,0.0028925272684697805,0.0028969057732681465,0.0017690746339835998,0.006298870804862641,0.004389314863393079,0.00850341696373258,0.0022433577320435548,0.0026534934469001816,0.0005432665757114922,0.02880125545724747,0.007027346246027467
127,0.028240252986374392,0.11702382999966227,0.0072931514874712495,0.011426609506606957,0.007297038643691544,0.001707528781798136,0.005365561703019323,0.03300141781133837,0.011113534243769593,0.031222083886373174,0.013176332886120672,0.0070209573809082776,0.001896288149405116,0.026424199352283847,0.12538300367444896,0.006513505856302711,0.12458708667245182,0.43346886552746816,0.006507323489231215,0.0013314279612743317
128,0.014042140354279293,0.017177236556837373,0.004144157332081397,0.011631505395756568,0.011392263529534168,0.015195433135203077,0.03468721602034651,0.016046115729947363,0.020358357133580415,0.007967739408893075,0.01329498068109557,0.02425637862556911,0.02374846849349644,0.02411802160664553,0.026622985692683895,0.10125247931153573,0.5663628707979048,0.03395312934432267,0.0174247591662681,0.01632376168401879
129,0.0026383180879838938,0.0034616789661368794,0.003427864412779432,0.0039637448086669745,0.26974139932655344,0.0037342052646643256,0.0009388634777823686,0.017702766556647834,0.006810036294970921,0.373011631162609,0.21825975214351923,0.030790275801436524,0.00389730200705688,0.020729119391361524,0.001837443106297844,0.0005959647402321868,0.0036904479470949735,0.005154718450899712,0.011781273037090074,0.01783319501621589
130,0.029896948147780652,0.03384885126677012,0.0346147416908046,0.0538644797095038,0.04998362892323554,0.010333732808567584,0.05588926219926801,0.10563673475974002,0.044521584481448113,0.06613141273584795,0.11987565275256255,0.08171707360756336,0.001088878409521151,0.05165052209432375,0.06633759535916149,0.0541577566192699,0.028106415908545703,0.045453798683161795,0.03342647703955771,0.03346445280336613
131,0.002179764280462554,0.8264428575908814,0.009214755320726886,0.016970600010980472,0.018950769436910184,0.006946469299906073,0.024040167471427485,0.005670932171847782,0.005703157659713339,0.005075005497448099,0.02544296664196922,0.006487290156850103,0.0033042909400731314,0.0087933386753716,0.003770320023039047,0.006498609812056427,0.0036058509692914443,0.003578007765330483,0.009282811030772864,0.008042035244941475
132,0.07768895796132613,0.01180922780716547,0.027603917935478405,0.024322894790462544,0.06327978877785068,0.026275735874661074,0.029560621673748507,0.06368668581682313,0.11252717927268086,0.08681573060013707,0.022061395137211687,0.09414032416235701,0.001277921614060632,0.03613198312120709,0.10816423203555112,0.038570169509689806,0.0698726517283139,0.049858138231391284,0.014341341656777376,0.042011102293106214
133,0.09083715245596992,0.05222071638822352,0.020210121922584735,0.02098634532748904,0.019185581097262996,0.06718364229968248,0.024498556516770777,0.051374886194990636,0.037355881061956135,0.0392540667870572,0.06553720868968521,0.041428577275926005,0.09420253815730503,0.03667205628307142,0.01334035511765501,0.13729283918252522,0.1430004279815156,0.014165902494370776,0.022712024980265453,0.008541119785692672
134,0.014673522848143215,0.0071251970357059,0.014541915105888918,0.014603586238253499,0.013134061777482118,0.007982958975842332,0.015214017974294511,0.08757197052619053,0.023396835821377037,0.168449247986939,0.05131992015561456,0.0034315363739083928,0.30695078669162,0.02047147936059942,0.00484871527328613,0.002024320091759199,0.02974037214070465,0.17123658685509832,0.011973393786420827,0.031309574980871224
135,0.04634161205913433,0.087520470368586,0.04246870692968678,0.022091221422908952,0.045899252047567285,0.06533421824853915,0.019259007783756502,0.05928590423541358,0.05181106402100234,0.055911430470229034,0.06939318207597862,0.06047495399387932,0.022462423236048225,0.040617640061553544,0.03914276386087754,0.021260478844403137,0.017579654981081713,0.038169357695479945,0.13907811263610648,0.05589854502776746
136,0.012519472396272826,0.020086991447694172,0.0438943471247424,0.059200456551812566,0.030131641062463327,0.06607081326509086,0.06706105871327171,0.07092055980817868,0.15681118540404934,0.0224422181918007,0.08325264479241656,0.04800854538525356,0.018775117837799837,0.041994164551145866,0.07772437029514265,0.013891494350926936,0.029423998119756746,0.047817671118038196,0.04336337381503422,0.04660987576910887
137,0.0692682197695178,0.04240705152463121,0.049404318091061036,0.02806361991535548,0.05474992407140692,0.05511226949343322,0.04698829303891127,0.02354584595300408,0.08899986289915225,0.01801034961629758,0.08814912946989863,0.07895599053012982,0.021566421179249198,0.11472947495320464,0.07262445730365671,0.04271077075209651,0.011525785934494569,0.0290349934185393,0.036744229875094056,0.027408992210865655
138,0.1718571936200052,0.045235191005368505,0.038519052126533795,0.01519863357905691,0.011444275116887493,0.08000696988468073,0.05762744823464916,0.0473121936791175,0.021781599646334936,0.040863654974899785,0.08743679168517246,0.024980161471592963,0.0070473806777169405,0.05166057585563151,0.016959610653962738,0.05783438729778016,0.08202249565902885,0.09523420327135237,0.02631196063722289,0.020666220923005057
139,0.04001087010483376,0.033334461403549655,0.06705538112442715,0.015556980861046964,0.027405433164222934,0.10991494255115307,0.03512767930499581,0.0598131566825363,0.04296501286522407,0.05991866939297943,0.05645361966947105,0.03201766751771708,0.021306442417961733,0.053251911417279196,0.03387431975793237,0.07641251016618879,0.07565221627298405,0.09669997014426356,0.04396865606726504,0.01926009911396797
140,0.14923802449573648,0.029509384089920362,0.04133674094458913,0.0633792693914885,0.04504536685026504,0.02634256663772627,0.01859154363898868,0.006468898531590311,0.06510882055365559,0.03531347010125425,0.028876311443435873,0.06645599977014877,0.043458392171171235,0.06377035919492213,0.028551452629238472,0.05965266663295856,0.04295954732415739,0.057237012241070154,0.042909810364449345,0.08579436299323351
141,0.11268392554516626,0.01145095282753762,0.04268293699643581,0.06894879284150451,0.03704604326757505,0.08395552347847093,0.0182345549293311,0.024178166177217214,0.12041497853770727,0.021475278552833658,0.008186233382340924,0.08642087369801539,0.03473859525012691,0.05739299286646525,0.03250575406661943,0.11074602503536764,0.0425863298479309,0.02692392676554602,0.05034906396156457,0.009079051972243691
142,0.04075478270489263,0.041399740728560584,0.017865083403032327,0.021284543658001233,0.01795149238351322,0.05571473681054232,0.02909616685864603,0.03437076451955047,0.025049294878694305,0.02194656466590735,0.4058561244493832,0.0289609398196416,0.03109930086812775,0.01595580814369166,0.0419306626156323,0.026263198482735183,0.06779776598835008,0.027421550646338,0.02257201629841119,0.026709462076348726
151,0.057536759102117085,0.037813857107557414,0.059871879216438634,0.030278385340765646,0.05680984656986347,0.018034500786705633,0.03794632804700054,0.05239393009435343,0.08048642097852415,0.03344749724334788,0.05995874193910811,0.0239280422064854,0.008353672981875058,0.09861317083593875,0.10487604894177698,0.02149663808843863,0.04889848804344035,0.0865632904069404,0.05955962594004344,0.023132876129279112
152,0.07118603413048845,0.017924163289427128,0.031101337753510355,0.03382557132819354,0.02470738577698048,0.1461300456341887,0.035399364213105314,0.0495535120776723,0.0839327910930536,0.022719766806104477,0.036668978091708715,0.0636024444950175,0.03226270785587162,0.02978596242858385,0.10292806671474616,0.060503840842532935,0.03690091083848077,0.027784575841491868,0.026999848842604764,0.06608269194623757
153,0.12903838453177377,0.002978854439194276,0.024181888676268627,0.25012405757805795,0.04684605799134581,0.018168431560098505,0.05152660203560788,0.03170220304678999,0.007452256233759399,0.08212037722104333,0.019204554078300313,0.008888619246349944,0.0018936912663096064,0.15473115114996483,0.014123023719657886,0.03913803205433443,0.022200097749740914,0.04433087379626383,0.028536846953706656,0.02281399667143207
154,0.030957211635811888,0.007341324700945136,0.003829201818807727,0.002636100346254931,0.10159775531986136,0.0008838093687314676,0.036266893523527036,0.1960668846496993,0.011624502919582086,0.1459792301680035,0.1524992337134999,0.02340338031584007,0.0013178442262119668,0.002360682681129041,0.014103377507409132,0.019982873216273855,0.006490957337777204,0.14497005190647816,0.058993849338839034,0.0386948353053171
155,0.017594292987993167,0.02668257128893747,0.003833052262025292,0.0371390941009616,0.05220078284827353,0.002108948775510607,0.09480096294392977,0.01210201452676699,0.1300878834862051,0.09870036559433026,0.05100390024647059,0.055420162271279286,0.000550547868547977,0.08565203939050177,0.02198175822705064,0.06612274954015006,0.038818137815982146,0.048072391859695966,0.06813541548283988,0.08899292848254808
156,0.01393758408362238,0.017446812008341816,0.005483871352598631,0.010597722334511249,0.022247856912149363,0.0029032730622665323,0.0031698008038310355,0.0175045825932156,0.02215870928743384,0.008498057900402717,0.019870167528443082,0.7443634527836974,0.0008311084317282928,0.019276599744186978,0.03151752188066364,0.00929563802455613,0.0033629335461981746,0.026541156523234438,0.00445629604326821,0.016536855155650752
157,0.002200324900659186,0.8426647246190455,0.014338047957723645,0.003576000432660064,0.017466487933380622,0.002667621360080376,0.008475854163419302,0.009701404538597953,0.0021337156187342314,0.010296409244525911,0.004484037319636471,0.00540173363568845,0.0033693256523197553,0.02004105552342302,0.009350381297726518,0.007538771254972216,0.006969056288947537,0.006186106356332292,0.01006557187672888,0.013073370025398023
158,0.004455294224167149,0.012178579025568292,0.014249606596829277,0.0036111639323532147,0.02898400163115123,0.0035209404321254805,0.004661767105348304,0.007175087255529321,0.00992090748572479,0.002105054489269046,0.005709424929116658,0.011708260969430525,0.007071381993359542,0.006441797585868711,0.001872994442958237,0.5951494347219011,0.2555218949675169,0.004751285093312194,0.015000928477550217,0.0059101946409199045
159,0.018630425954637406,0.007881443123008142,0.022847046204332786,0.012264575235315415,0.4466129254777209,0.003031006487409818,0.0038990646723017983,0.011584983653613328,0.005116489478304742,0.024919569181850343,0.01786493157256967,0.0046389772270443,0.000959476533795195,0.009055425100273441,0.0024411471716941097,0.008343688091535247,0.0062516778975427005,0.02584851028012727,0.09345949620210132,0.2743491404548221
160,0.0158847173825394,0.012966095448141111,0.031022261669447233,0.08599329629813492,0.11458830976447161,0.0060364196421729445,0.03198333044962931,0.046375422663362295,0.03709671106985646,0.08641233730977232,0.09491804843454835,0.0903483382010129,0.004690813769655068,0.010834244903679487,0.01942351837053711,0.03839837457305236,0.028071351145724247,0.06698921955198377,0.13513140571921942,0.04283578363305963
161,0.1140911278638642,0.03828579877635764,0.004371623553467065,0.008660585672672697,0.006103970692947185,0.006573584967326595,0.005338471117079855,0.12972603739239508,0.019510361231957072,0.12759098159729632,0.10531772644640473,0.029017853803898035,0.0022072332847431916,0.011227820878357306,0.0034078464891187715,0.08371542240308803,0.13545878683397164,0.1618851803328062,0.002417212004868958,0.005092374657379327
162,0.017453958359981096,0.010418111174526182,0.05080453593232052,0.16581456515116325,0.008678012084210578,0.007981122828282386,0.07547830492738675,0.023880882322871434,0.0710597322045586,0.005940074943898065,0.03523921139762291,0.02044418313958523,0.09738467868876592,0.07027417452110055,0.06557793215831692,0.040169707750088726,0.15501472471112265,0.012119725441396086,0.02541876060872854,0.04084760165407378
163,0.08214455897471953,0.06801221213842054,0.019898422837887533,0.027085921955714378,0.002310518328096996,0.13417439270849157,0.0060206494240555,0.013908164169403728,0.03689004370774018,0.008034115306129368,0.07077482005214807,0.010831443965350183,0.007252185620508928,0.017046721921661453,0.030083951536379664,0.05530491776308914,0.3883233210872362,0.0038086199804653414,0.006739220934896006,0.011355797587605843
164,0.005397125891762944,0.009709918537393194,0.010400278145080199,0.09592239553337098,0.0676727385192231,0.025351916538875724,0.045217778323053216,0.10561822994049065,0.019412963904830174,0.00835679506347546,0.053217560880961905,0.005156548229801525,0.008248162843192398,0.009664856768149472,0.005074569170837385,0.0027147852637923048,0.01068805887719185,0.01205813041599817,0.17186638736601476,0.3282507997865046
165,0.004866540417390913,0.022571720114876712,0.005003951198923461,0.00942896623295865,0.012576283716771613,0.009664235220260529,0.003094818257691778,0.031245420055351192,0.02262254710027857,0.7187594299572297,0.00903725523052081,0.006821653342798086,0.006884555845114553,0.0196137747748258,0.014235169572222534,0.003650868689261289,0.044330321048390374,0.020205568307276107,0.00871028239424383,0.026676638523613686
166,0.04159783873986142,0.0424242973757598,0.0028785915123330638,0.007656743237211861,0.1363479335480847,0.008384021210803822,0.024923072303749377,0.05701069372981929,0.03939029410742383,0.053748936176553644,0.1188969477328909,0.015235486346604052,0.0004828751872604348,0.055721282795654525,0.027545752099659915,0.02532918565828242,0.024838970188582835,0.10617216855663322,0.07756397306440306,0.13385093642842777
167,0.008525071741343598,0.03980936407554427,0.7181957038212432,0.023387533777813194,0.008659841831099153,0.02194916345472275,0.00712814310600772,0.006109042079149887,0.005785993325065658,0.006783161506173754,0.0261227820318063,0.02151022108203852,0.012730430115325429,0.005463218631138585,0.006747162896508678,0.012228879067459087,0.022964180049121072,0.022698448534757554,0.005901583775556444,0.01730007509812524
168,0.027104578211772864,0.00435469168863078,0.002980318530828138,0.004017188593236772,0.00444559462785317,0.006056788606521356,0.023686667194628443,0.045242635400335234,0.2976644293444451,0.03240620331348579,0.03378020525889059,0.012519542692797331,0.0004565708912904511,0.06989369515979803,0.26195514770808537,0.007818576544582971,0.020017253064682432,0.12449740532546803,0.015361568014319999,0.005740939828347194
169,0.012714522705488784,0.011350634414294167,0.019682925564309808,0.10866266235406227,0.06163428476275636,0.003179192070501785,0.021532568171206454,0.07032764742709745,0.01575275351246191,0.05540763704107643,0.10814151313010814,0.03322024739634368,0.003918881017919456,0.03750140281530485,0.016682187163309933,0.07223848314710668,0.08010719976036298,0.0749228628676003,0.09040047075879021,0.10262192391989826
170,0.010329033939990314,0.02822174158570358,0.00739333738605912,0.05720178641164083,0.010880778749358224,0.005343067647350148,0.04807670086821393,0.04460303768999578,0.020420779335988043,0.009258862282710285,0.026983917572276018,0.059815933244308485,0.0020343966969997708,0.3912859609908329,0.11013631923483143,0.013195391752081998,0.04019921902149938,0.09815458194958664,0.009395057314935383,0.007070096325637943
171,0.03716734273605758,0.011059825362590394,0.0025413124410611707,0.12119061615703548,0.02267333093264144,0.01992252552762462,0.029798295414662127,0.11677027144152506,0.04913865125026641,0.1255468890043011,0.0486829126893376,0.0681510031492202,0.007624321561288812,0.04149288487321079,0.017343285366686254,0.03652403587326972,0.06821376913548312,0.06891637509702342,0.07585881962954295,0.031383532357171874
172,0.02270405499493308,0.046424634878465806,0.025274755691065878,0.035191068077057755,0.02667304906089331,0.04955156879306103,0.05922095727691093,0.024673126130405003,0.0075262630742897975,0.011796959033604759,0.05279160501250343,0.015357404061559936,0.008836600881847036,0.055057620888246075,0.02473704600142331,0.026508209271294863,0.035834723834707045,0.34203378296468556,0.05924566265267223,0.07056090742037316
173,0.028983818660749186,0.03779351576757807,0.010668306783110128,0.00829861488379314,0.053603355982739256,0.0036775739453637954,0.034925915324419514,0.01662778403234065,0.0025645124443443076,0.0022972892683092204,0.012217110554053109,0.0746723641663999,0.0014975036574853351,0.09324992392719648,0.22241846832658368,0.06268882845814423,0.04012247431188301,0.06002394370501288,0.1147728981086203,0.11889579769187367
174,0.3247617863580241,0.10378469956153566,0.004323146833079611,0.005628512586308056,0.010011547951603701,0.007528007201416687,0.0597886370408225,0.007595210626451609,0.004300485124494246,0.0091216083666619,0.01815411111412814,0.05920306166342073,0.004086227220996991,0.004229673286683508,0.0030596295018298445,0.25240665389500627,0.04115695784922641,0.0599771363217967,0.013657500003750265,0.007225407492763091
175,0.0038163201714005914,0.012194081375983015,0.01415905664284119,0.008610854865282127,0.04824168136568075,0.005813071181834035,0.014353946704964123,0.3856774889511898,0.00838296360575361,0.20878952425873432,0.07097593602518883,0.021930549381591138,0.02184894256838325,0.014477392428484002,0.002192780644757895,0.010956995258252132,0.03141501856998388,0.028236540233342537,0.018282624295697335,0.06964423147065543
176,0.008889875871503257,0.021424333650260634,0.014192120306846977,0.008821428184702322,0.7047909285060627,0.01349517493797855,0.015527841221484278,0.015216103843909482,0.012182823908604522,0.02180576498620917,0.013768297184876146,0.009514959924791068,0.003442371224322269,0.006578281983713987,0.004373727060670082,0.022871596463609867,0.003383970282080744,0.04422313203181146,0.039882544352141364,0.015614724074421178
177,0.011704636503586689,0.03361900136741584,0.029894717894529618,0.012993867858061614,0.030330278249454404,0.05463068481088764,0.030064346985400833,0.016859919045026824,0.05482120389560131,0.026216867815785225,0.03053625292217683,0.044911328960356996,0.006301287569547107,0.08047380989625996,0.006625923849784923,0.033677849706750064,0.04647300202367805,0.050444245482059155,0.031215467274699694,0.36820530788893724
178,0.08127345978158881,0.020762428772204737,0.026406872858618917,0.03059233490577265,0.055066786414233806,0.02692695773678252,0.023675031860202728,0.07556053472214624,0.07315609672988838,0.024494141662545373,0.038863716191429004,0.05251575281464387,0.0040715654922846055,0.04654653672579512,0.07354910931722301,0.1554559651940554,0.1057684858939329,0.058351595788753347,0.017627309420526364,0.009335317717372235
179,0.040071573348617405,0.016564748371534294,0.038198252722918574,0.018023834796517892,0.02090546593503604,0.03850098713715841,0.008692592802819886,0.05219088927284813,0.02321141741291171,0.33333097581179205,0.03949639267652692,0.019890342899076523,0.007817712160190391,0.0906531505362374,0.005877363310190336,0.07904085999491435,0.009682620371443374,0.012774558329271326,0.030532568850911518,0.11454369325908356
180,0.00508553014645426,0.012346610753444015,0.726390116307159,0.023606861251832353,0.014644542854988212,0.018812039212047552,0.013467335398728535,0.016830184387428945,0.013909813631161363,0.0117445790900573,0.02916471328491762,0.021722581831539193,0.0030868373544406208,0.014538521546880892,0.009791716787303058,0.002967083921321069,0.0066764766239017885,0.008896827432137535,0.01879921264935297,0.027518415534903782
181,0.019590763843274357,0.012745483438693963,0.008193737341170852,0.0676622340027873,0.011566731724229602,0.0019296930707878345,0.019073165545635273,0.05144429064870206,0.006678197042595682,0.389939647929019,0.016965108742020823,0.005689666309479179,0.004347771032983064,0.007281024920761542,0.004798113881214233,0.0028824954065764666,0.026775269456911624,0.3310542758091242,0.007436672604177957,0.003945657249855005
182,0.06097579846651307,0.03184691720216244,0.039707648698596026,0.0395044156937571,0.015971031826666322,0.013551455996392483,0.028390738336709364,0.06202759575130577,0.03013241081370008,0.03607404688904654,0.021560761666655267,0.02720962928938198,0.017444167953754638,0.02288375466602317,0.0217217917783326,0.005960535108562295,0.0471870822773109,0.4350571879373903,0.028572038933489217,0.014220990714250372
183,0.10988872255121204,0.038756327068361046,0.01930277722424547,0.05949796210397362,0.040419556157500564,0.04471950485389244,0.013527998884000813,0.03064980197363888,0.1270941868371716,0.05135761122235155,0.027538203593410943,0.04780102079513815,0.10455570406897398,0.0724892930479688,0.0241245695225239,0.038129031008918866,0.05997346783368943,0.029950739374200244,0.039927778132788076,0.020295743746039492
184,0.024245944708138612,0.013189845901697136,0.027556702753613452,0.020202849730846417,0.045965312732293775,0.02009614190077952,0.00643459664229895,0.43033600799507377,0.02954231923594231,0.08067546290107082,0.13679183282705254,0.029791520494438156,0.01321342217382985,0.02303203184007815,0.010082644281815833,0.004653008398962857,0.01711227480530075,0.020787556633514986,0.021523158884545788,0.024767365158706433
184a,0.09845268448061201,0.022488002952532785,0.03375739280684738,0.018908405669968962,0.021440148440337793,0.09405946389241214,0.04216552729762933,0.02564800681649787,0.06371775327279476,0.04356906131846451,0.05830099550309104,0.09805057660952154,0.05848448588266093,0.03732616880423741,0.06817782160476686,0.07458524341290061,0.013828630908179816,0.03566529337454091,0.03603178720464533,0.05534254974735811
184b,0.09750016761362315,0.03045593304919274,0.05071292124554904,0.03613685217669278,0.09616137197838652,0.0607962751119403,0.09953336350977146,0.016948470124152543,0.03928315573931442,0.026785028725917728,0.046607213749513675,0.05390312447066366,0.08062702639173275,0.06344773187026541,0.0029342438928999424,0.027063905766707322,0.08043492818730595,0.03784712985414098,0.0409514765541076,0.01186967998812199
184c,0.03466672366361845,0.0779229949390012,0.11496457897661937,0.029038962898827885,0.10169159524301184,0.03245728184859332,0.043160730062160126,0.0006844164904407488,0.025674844688155757,0.007201379580283498,0.044553521632213856,0.041485436994146724,0.12410900424221429,0.030105854065312104,0.07583777263178644,0.03946849394219042,0.03043076052000202,0.013760615989228474,0.05804070026327688,0.07474433132891672
184d,0.06372009805777598,0.023543613432820017,0.08009462511002037,0.018549179456195438,0.06373031570827595,0.06054579297706411,0.04770933901735297,0.04292038859425933,0.05288881081013598,0.015049932876323191,0.04755627854895517,0.07800824977930709,0.01930890708607509,0.04640475857242407,0.10985656202248882,0.07182968294952095,0.008950302012196588,0.07412217773832837,0.041170860818588936,0.03404012443189154
184e,0.0206250770479361,0.0717343444684244,0.038397864924559114,0.07207957844090246,0.062053352338560276,0.07086067186294644,0.04145385315312839,0.028305988537353128,0.04789961086925969,0.031077656153114672,0.049016180229095284,0.026692660432187956,0.06556631760278926,0.02899207217298197,0.06293541791353736,0.06990087673028136,0.07558567607067351,0.056281825714586155,0.04041595668179224,0.040125018655890236
184f,0.05030107954147085,0.06278978003312571,0.0525889030046248,0.03255256400108696,0.007632561468887527,0.04872706498797927,0.06189774304329495,0.04654646069129971,0.08081726268050207,0.07416633638584916,0.03170307881639389,0.06590544396366405,0.05317284456980135,0.023902502021756693,0.040083722167821294,0.02660979693631096,0.13454683600196082,0.045004317713546245,0.05402141355803354,0.007030288412589982
184g,0.14903252678858497,0.028057982418570382,0.01585001317995365,0.04651816145736724,0.02940057009645246,0.05859508381518592,0.09107967872952571,0.02657588333999281,0.010967626992448642,0.04822451365599935,0.031228673229043942,0.040427651109801795,0.07770158929384258,0.047020599160944435,0.05453621728024354,0.059456865014222975,0.040693778881525526,0.08968204440458363,0.0357528843629416,0.0191976567887687
184h,0.03739089246682083,0.0337362458828919,0.02003666655721996,0.0038306056302887127,0.1243280049391647,0.045433345508236404,0.03184657320936552,0.023040017225651275,0.06263229613190978,0.07315799031411294,0.053695292355003275,0.057487758883306046,0.0856253034528515,0.03995704099921466,0.01933611673774083,0.06129349528831641,0.04932002926178479,0.022540098632902714,0.07212730319499186,0.08318492332822586
185,0.11087743344058365,0.014593214558479712,0.03573982536672081,0.05109125540175915,0.05066504668713865,0.0625833831336954,0.029801668565518694,0.03905931315014219,0.03010188673602314,0.0354032766783908,0.08169912120094834,0.05218405620770638,0.05784787738388021,0.09194763910415138,0.1028421589681984,0.022700566056223764,0.06023823086134653,0.013115127745731118,0.046818547972316694,0.010690370781045113
186,0.03669369118112042,0.03668768429792629,0.05134771191354702,0.03998448496796502,0.0649203856902146,0.07343964309471498,0.011824892668438962,0.04892604042734166,0.02022489422216004,0.09309932721650314,0.03807886465645722,0.04829085148863568,0.050416403900873,0.0734533010182297,0.04539781146304478,0.09220802176500349,0.004541138361412892,0.08511538198680925,0.07450142393955876,0.010848045740043076
187,0.041019622589222995,0.07902714501119742,0.034370861218596095,0.028612019094848437,0.027506802107972905,0.07244344645027119,0.1112725712870766,0.027182932976653654,0.07272008154024598,0.03606821406684592,0.033946179917949806,0.03387728541379983,0.03832101184736363,0.042167709984878,0.030884133735064365,0.04505021529106227,0.08486785480318156,0.07985595977916818,0.06352083855262836,0.01728511433197281
188,0.043573745141074184,0.015861232988641078,0.036186926958348214,0.021234459290843145,0.04322838525823525,0.025090900894428888,0.048576265742131815,0.02509495306098959,0.03173962298750512,0.0941837418013279,0.022379133876375325,0.04026065070098707,0.062237201086997096,0.09380575915028115,0.11901567986892465,0.047202068838312856,0.11136513175642612,0.04276004595175053,0.06056067889385038,0.01564341575256951
189,0.06124172140218961,0.043077119861568806,0.03313168524085571,0.07642516939860355,0.05166750364472512,0.05955073205133083,0.04375076990865635,0.03353806376826089,0.04809152461157027,0.009771336830826838,0.025464917370997375,0.07062884306100148,0.046563968060203666,0.03472797329960213,0.10221056931782464,0.04877753581302318,0.05526724186962623,0.06664903589328473,0.019717021683601017,0.06974726691224775
190,0.04856797849408782,0.037640080849406926,0.03727676639272304,0.05257127153834086,0.07565377999704315,0.033796456711994036,0.04560607283025704,0.035558332184799944,0.06055281260828174,0.03083718498623021,0.042236016521078446,0.08240283053376748,0.04786716204988841,0.06290960536854706,0.10068264364574467,0.015503772246042987,0.02077394215949087,0.05655525658702571,0.048829731757369745,0.06417830253787976
191,0.023386172800428078,0.030736549748564247,0.018662161840227343,0.008040782605392474,0.19217513169156594,0.004103178870791657,0.0378934801171864,0.017262386123210037,0.017334782034212144,0.008701923375747399,0.15513971889488554,0.005777792250870201,0.00821551083823962,0.007375651242479657,0.003620218866209904,0.02196034154731408,0.015280975615059601,0.004684949147141708,0.09218679251623595,0.327461499874238
192,0.15504996483933303,0.028879195092557527,0.008110639730726139,0.026687147381117948,0.014482293432644443,0.007399898261172328,0.01965112403485794,0.011232788026465202,0.03385911762645543,0.013380189299561869,0.019187836961896243,0.010775329228390905,0.0007864706393212288,0.20240943129370492,0.26237260065183743,0.10404965912361569,0.01911759862246041,0.014145961969180155,0.008965331411315692,0.039457422373385335
193,0.016627691139040727,0.008872591688154461,0.006527685302348464,0.03429609806818892,0.036376866045809836,0.04165141590865541,0.005688441381927837,0.028036321482730057,0.013930842450750795,0.6158445818866822,0.028791748196048277,0.010116926540379786,0.045149057226025725,0.009307980356240251,0.004995456289189008,0.023059046960139693,0.012401579014836137,0.02122792479604466,0.02473963772160959,0.012358107545198256
194,0.1190690820202635,0.040813525168553855,0.05557730140509606,0.04140044915723851,0.03870887213038077,0.021596558669268035,0.028908862725477012,0.046184862191113146,0.04209924231920424,0.033490243299678736,0.03643770319058521,0.0590574876180452,0.001138007727465349,0.06276645005306355,0.05699934928307114,0.1426235892850634,0.03242829357047517,0.07421931949295477,0.018684753475250424,0.04779604721775179
195,0.05592505041606305,0.0470124188766907,0.0755168527896043,0.008613782598407711,0.02963772478354596,0.01477592758295917,0.10850109569945758,0.011640885192045196,0.025875845811350124,0.05128792311033733,0.03594238545343539,0.11634671359566236,0.028759838978140082,0.01873873284108456,0.01231404163681554,0.19682785508348746,0.08228815390310797,0.012060546269311597,0.016261349064563845,0.05167287631393005
