#now, we will take picture after coloring the structure


cmd.select('PGT151', 'c;H,M,L,N')
cmd.show('surface', 'PGT151')
#cmd.set('transparency', '.7', "PGT151")
cmd.color('blue', 'PGT151')
cmd.select(None)



cmd.set_view ("""\
    -0.223408163,   -0.959170997,   -0.173413366,\
    -0.415200174,    0.254609555,   -0.873370409,\
     0.881864488,   -0.123112991,   -0.455133557,\
     0.000000000,    0.000000000, -118.817901611,\
   185.502288818,  164.694290161,  149.202789307,\
   -54.416854858,  252.052673340,  -20.000000000 """)

#cmd.set_view ("""\
#    -0.212114215,   -0.972657263,   -0.094541527,\
#    -0.424312234,    0.178815588,   -0.887680888,\
#     0.880314648,   -0.148171067,   -0.450643539,\
#     0.000000000,    0.000000000, -118.817901611,\
#   185.502288818,  164.694290161,  149.202789307,\
#   -54.416854858,  292.052673340,  -20.000000000 """)
   
#old view cmd.set_view ("""\
#    -0.237032354,   -0.964476049,   -0.116595581,\
#    -0.366512686,    0.199925989,   -0.908675611,\
#     0.899706662,   -0.172648221,   -0.400885284,\
#     0.000000000,    0.000000000, -174.060546875,\
#   184.218750000,  192.610748291,  174.148620605,\
#     0.825820923,  347.295288086,  -20.000000000 """)

take_pictures = True
if take_pictures:
    cmd.set("use_shaders")
    #cmd.bg_color('white')
    cmd.png('{0}_5FUU_pymol_face1.png'.format(abname), width=1000, dpi=9000)#, ray=1)

