site,A,C,D,E,F,G,H,I,K,L,M,N,P,Q,R,S,T,V,W,Y
100,0.015743140395913128,0.015964222046426564,0.010337349997800454,0.04397609584924466,0.07157667515859245,0.02368666943257258,0.007308903742471172,0.014144246033840423,0.012474810544791493,0.15320711215666466,0.4678110373383165,0.01425388961807362,0.007787557562275787,0.007840467945829118,0.005717922286892625,0.01773228795822292,0.01277618597263968,0.07056470773325733,0.007047937767375253,0.020048780458799632
101,0.059449129378112045,0.07455363791032994,0.023660793440909822,0.02797770377690261,0.015553205302107334,0.02865422188245867,0.004479496077146899,0.03990222533041493,0.014561237046765284,0.04083455969099022,0.026542190535627147,0.015253226522149554,0.03724585633926935,0.023155995010008236,0.016410254458432694,0.05477233990887628,0.022357797104985908,0.41659117204982,0.029217577093688128,0.028827381141004933
102,0.020939586350090553,0.024018484699201068,0.05078698727754589,0.10723085095880176,0.009239449326486932,0.011110711596027658,0.11011019939507191,0.046823381070046834,0.04517513034824374,0.16318989251793226,0.019728963008944344,0.038269342708404014,0.03616644270007589,0.05543715223857584,0.04692021119399754,0.044446542186320936,0.02346583474651139,0.0087733168763559,0.055056772473798005,0.08311074832756749
103,0.1140133779572747,0.022696487271497395,0.08710510321875052,0.07397515456403178,0.022632044399648027,0.029619910453820304,0.013387824237483833,0.023399393528156835,0.004932220176890903,0.021130828194241346,0.046638729060454784,0.10014240358421296,0.0028366708680805006,0.2613867948364966,0.012877861394116024,0.021758454551260322,0.08020187196820351,0.007918442493429744,0.028219519202449486,0.025126908039500677
104,0.032074605494387586,0.016564976621939,0.020531894484667485,0.018521961604523858,0.23043496330476015,0.011244056162913326,0.004315407748157403,0.004838987745498953,0.038615421015753756,0.09242357882899027,0.32426120062086466,0.0117280228935351,0.0022483374539894107,0.0175426685619373,0.01775694817094373,0.004104482071075978,0.009368505176022921,0.028680312940319586,0.027849298679920247,0.08689437041979943
105,0.042674966412454204,0.016684009437060977,0.05518309170492395,0.1526297230206233,0.05775156056792202,0.006585945744268902,0.09732047085496166,0.01662577767848677,0.047787904701910196,0.052407617723972726,0.08857793226926694,0.0415423774181639,0.0005042146633827181,0.06356261753321298,0.03949922064760936,0.02969092755562951,0.011390425694323376,0.038626135549696246,0.05601000829818336,0.08494507252394698
106,0.014585297160853467,0.024394249505369572,0.033227742665405235,0.04890070749937175,0.039401246294813286,0.05020477417399383,0.025807387766799875,0.024357832793065273,0.0216469552258553,0.052944973328123215,0.12753380160350725,0.06273751068723518,0.0013266873367624693,0.06226487734981544,0.0225864202348143,0.03559058959973173,0.0466269632306497,0.04062657790872044,0.07582066619164964,0.18941473944346318
107,0.0033802849205039937,0.017407045565439993,0.6503437902689506,0.0799756930723686,0.006824434548682283,0.024290500896069895,0.01666178480574167,0.008579206436194253,0.009606655809005108,0.009801984612495568,0.01918451198708438,0.03542106985688864,0.006238396586823908,0.03830585384374629,0.01889572890408435,0.007580627915948516,0.010653808949733615,0.012467258789123801,0.018517789107815985,0.005863573123298623
108,0.055619596468518925,0.019246761426435506,0.026059182219496577,0.0043951971283915465,0.08206711765559936,0.005066932943840521,0.008861522571944133,0.24415234363164756,0.007566103462571539,0.1937244841837515,0.016077222765530932,0.005477259183311573,0.0026841001157286984,0.05087246756838833,0.023849402874708006,0.006882746470055019,0.15764448873977369,0.05869554442914478,0.007276365040840283,0.02378116112032141
109,0.003967034428225565,0.017254704192072243,0.028092926557776864,0.10526013712290713,0.009728318979155288,0.008348958831135954,0.006309013305443728,0.1832665678125686,0.024784064660931457,0.2345220822201032,0.09710544283127165,0.05522038419301803,0.0048488317040935825,0.03697170611232201,0.0442533992763801,0.008461176903902518,0.027510239117119327,0.07248735758532901,0.018807482868315434,0.012800171297928412
110,0.15973977574385673,0.021929373451373937,0.08123193153903582,0.09009960711622554,0.03464797986209031,0.06910473299757794,0.0348700793659674,0.028831711776111442,0.012211897167019417,0.01814881128603803,0.08016320633394376,0.1600748398111839,0.0010327500036636814,0.012156800495379831,0.011232831064855751,0.07232264281295633,0.05509587504554323,0.00794837873260239,0.006222383100029555,0.04293439229454489
111,0.13587710087984103,0.11186251665488725,0.009330865777768033,0.015579589461396901,0.021622289545979032,0.01513254101802564,0.07499229435493614,0.01467940965099526,0.09758337411158087,0.18350123971136711,0.011481788097010375,0.020989658051829792,0.016952119144636825,0.04573256398197216,0.005476364653586703,0.030568488352522207,0.045167662860258334,0.09907793682753842,0.016248341332500867,0.02814385553136689
112,0.015892054865554863,0.010488321888004904,0.009583330100349636,0.0034189451332237598,0.2757123383602707,0.0047649253237680616,0.01388630647011396,0.0406882543060103,0.020636100081356086,0.027168947399924658,0.008019210147691731,0.02105892012124718,0.0020081794899773973,0.008555624822255987,0.025366313298991663,0.01549744594917375,0.018124827580615704,0.030093726384605904,0.4121770315207053,0.036859196756158605
113,0.019678341177728778,0.007649608946924622,0.31721958439296005,0.11704308515096991,0.12083819348313468,0.0035527675147506476,0.03267915020372421,0.018067287795929338,0.03838843426792936,0.00553024752380349,0.02716087022024436,0.019314869561634637,0.00916251828703951,0.07260468801581509,0.025682805033274494,0.023237017436908414,0.024877744437786384,0.013918818924510171,0.01609560595872872,0.08729836166620329
114,0.057778514049001875,0.05042018197066228,0.12105996968436745,0.24336667671631917,0.06775337353820306,0.006032187846968512,0.012932682028524054,0.02232602689219278,0.0268842567934165,0.018282796771341387,0.02837872785344362,0.15663368560788818,0.0006305142704432892,0.07800490276056164,0.0016071835934320451,0.02146834956604002,0.027228867822272268,0.01279878685641304,0.013524859393341629,0.032887455985167104
115,0.2572471387257142,0.005207229935966341,0.012435149841233936,0.10959672202982639,0.03888192620315626,0.10841021314044924,0.012534728865826626,0.025606914180606604,0.010976586806606993,0.0011023527010396662,0.06036814514934547,0.0024742085799510285,0.0028038492885554254,0.05717893937589492,0.014801467973716936,0.05391644880009734,0.16879635894781975,0.02474798891238383,0.023073476196461863,0.009840154345347229
116,0.013864339168609099,0.014523121021964236,0.025224426260492597,0.014560901654413344,0.02784580451790219,0.0013431925637878688,0.022888544746168565,0.06848469936015901,0.026078757563759047,0.4274366172883142,0.059629012880941225,0.014523865828771527,0.03586060320510681,0.011299201646270008,0.01852796971728457,0.020581852572906605,0.09232871763818516,0.026373673730272933,0.05030129695324839,0.028323401681442588
117,0.08554786143298553,0.01188976028907194,0.03762945523315854,0.038982181589394205,0.0341233821948467,0.08084283871258874,0.04329430438515513,0.005613954986181371,0.04689244445251644,0.06369853848712102,0.046371134688067576,0.13368349539536012,0.003400051703516306,0.059686408158856265,0.038719044623691884,0.12347351496209033,0.0525220568591939,0.024525887168944802,0.008879988333311044,0.060223696343948044
118,0.04678107700479786,0.013511851809892462,0.00917669131354119,0.03497547824216193,0.00991379273613077,0.10877936585395655,0.25050720836026247,0.004622639589999712,0.010652921285719675,0.0020149970968627003,0.005548834121546707,0.018566213089686055,0.19578239311535403,0.0167512230672342,0.004846067533762748,0.1623188453669171,0.0745882499382227,0.01110983762342588,0.01045357866504308,0.009098734185481988
119,0.06058157411465507,0.5856205199060284,0.03470691865021604,0.025882144446474454,0.005769465645932991,0.024374086299662142,0.01069560681616001,0.007317268430089349,0.005098179854769955,0.01456678236102247,0.04262166396892991,0.020719887498731597,0.0035844331384106212,0.028621236995646792,0.022180682446306377,0.02685471658381298,0.009139173270614332,0.024211407904887544,0.029532883714043393,0.017921367953605622
120,0.02989374372834538,0.007876797032108631,0.014231276608561142,0.0034695188037400307,0.14975555100831806,0.009990738249538006,0.008833094117008927,0.06599511344648328,0.04144198945038419,0.08487673251301885,0.07483154488697881,0.0067190383326894915,0.006868132274825038,0.014895242087725032,0.02006955769215303,0.004549035481110823,0.06435010135346206,0.35530353500695766,0.016878507456645528,0.019170750469946048
121,0.055261955936098096,0.00945442722246872,0.026929151124567712,0.05164518119595386,0.017853992534381375,0.013809750488458923,0.047697679340889754,0.007368742880155518,0.25909594357362203,0.031269743214087174,0.017280170330328262,0.028774304907232578,0.006932886336180737,0.10066299253930555,0.0878774398143553,0.09122010906174277,0.027817345321157053,0.03814459608956331,0.05025989158181588,0.030643696507635248
122,0.004141406237078143,0.01874808530712928,0.012744428826970716,0.029853393331206277,0.04031218377344818,0.006305975251688908,0.0401997228120316,0.011316900105975171,0.06490915343416663,0.597182778893643,0.03832052599697325,0.020633370650893636,0.009090644676931912,0.010283700449150017,0.004485456801332413,0.01988138452450853,0.018351672508306795,0.03447539108448648,0.009947652412244693,0.008816172921834326
123,0.02449171779912139,0.05608815499806917,0.014127315475646975,0.0639244379460835,0.05062876623701633,0.04973005867467322,0.0515200468948974,0.004430990553049876,0.04952316122990244,0.014564239794672243,0.03531389619188895,0.007874157491237007,0.0036574701088037866,0.04274816024253221,0.014482594070662044,0.025812076151442438,0.35832251054181874,0.06368769278522433,0.028808158935532003,0.04026439387772596
124,0.05631681177814807,0.021336032487465396,0.05578764248652247,0.2565645422573733,0.03633179673162781,0.04039092752338812,0.03680882361250882,0.021525033412735463,0.011849773187690937,0.018291106793007123,0.02526039295233354,0.0991507520515971,0.15966324342807564,0.06714351663046127,0.005443597336463415,0.005009289712412327,0.010568124222379753,0.017129650485920845,0.04152972515702045,0.01389921775286826
125,0.01107968732594649,0.01737571830073268,0.012564849575761525,0.02580916623036733,0.02898215091769902,0.017555148784423918,0.025357490295782926,0.03172856558136899,0.06460389749314584,0.5206755943245078,0.09969254256269233,0.018723450447987417,0.011962965229350076,0.009553389992735833,0.020067040367503595,0.004369218665812601,0.0014537376307261055,0.035098357794200376,0.012890385833565913,0.030456642645689327
126,0.006307731755056525,0.696458429067644,0.005218684938571364,0.00854593969972293,0.010532010508497136,0.01154892287230323,0.005871962254240722,0.008221211627061867,0.04735137382114885,0.0052892362670165964,0.006907085147407775,0.03288879274427367,0.030022646371525897,0.0161498419929078,0.0329198628266561,0.009049940559971206,0.0159409653750154,0.007244087214291923,0.02956839532336564,0.013962879633321509
127,0.014736892618898281,0.008289053647645895,0.008394757107629892,0.06451735142713491,0.03224496835102013,0.03311584702917814,0.004212095663526554,0.09405294351767027,0.020968702388260787,0.027298625465895655,0.012827435147495203,0.0296697387416062,0.018837133138383578,0.018984401800811675,0.0040847684312946084,0.021371645840904313,0.021565296257610455,0.5232491328543424,0.014978763285817532,0.026600447284873582
128,0.0102420073148282,0.020674296919784025,0.049394067352014424,0.013091348666265459,0.008679104006078762,0.003674720111302361,0.010336205080997158,0.021878773645795442,0.01992460500928648,0.009230227071611917,0.026484723308526116,0.01364506233320069,0.023032699146411855,0.020654694814764625,0.04074430937793449,0.04217147048384425,0.35453894526363544,0.1330806141108759,0.1434109561637692,0.035111169819073335
129,0.015048697228856394,0.03377357091568228,0.002424114367451568,0.010008829731220375,0.01926600166759946,0.0031378048319378703,0.009592250150903581,0.029945134561624887,0.02547683286592604,0.4934393960814866,0.10230263234066798,0.03514737352346094,0.021705809570543064,0.014386408817352354,0.03253579901781394,0.010425178595109202,0.000708202974031895,0.006173125530788837,0.1037881224183066,0.030714714809236012
130,0.02182583500375121,0.014976642799552577,0.1655366485463729,0.09810083603346281,0.041535022887403315,0.008689845939779173,0.013041943762296594,0.20331180364482937,0.018320572301812024,0.014619661465223664,0.038724595546683935,0.025273190513436405,0.0014916692793463307,0.02750188270984137,0.028885374288245357,0.06946156348535466,0.11848539202619461,0.01961164556463023,0.025443759412676643,0.045162114789106936
131,0.03162818204085113,0.6007373309599776,0.05874131059801481,0.0023552322862404836,0.017142487182009062,0.006296082377377086,0.04216393915788106,0.00634145525573813,0.009981405751738002,0.00334727152517014,0.02750428805275494,0.027766507657837117,0.01498405375177619,0.004175077823846763,0.011162779601000022,0.09457684727742076,0.0012816178831799635,0.01155492567831136,0.018381110660981127,0.009878094477894221
132,0.06953988796767763,0.005075030424303522,0.08381050684139539,0.09168219029487872,0.05505533103477315,0.021577383188337768,0.04671493858269959,0.19026985559937526,0.06451462161376334,0.01151654708405015,0.04571153825320812,0.029187654745400537,0.000718379370472569,0.007329512002462989,0.06668944615345536,0.027791070486760786,0.05222972711498375,0.09174789760421158,0.01667642567791355,0.022162055959876262
133,0.07736717360725451,0.010140582966790152,0.03903475817530953,0.029766669405597773,0.020587664898336147,0.0776700580037617,0.048152944922625035,0.016639287627672368,0.021796124364402484,0.015325205662031287,0.06731114697578333,0.016246513718796558,0.13757478162352374,0.20377268918070024,0.027197338384529347,0.06271578266338561,0.03400136991127559,0.008794090103262193,0.038789248498212706,0.047116569306749755
134,0.020902856545105535,0.04815005071617884,0.014050684149301277,0.020827992970643323,0.04474160044752381,0.0023996452574908027,0.002624600046198972,0.027458188924448755,0.004040509512536008,0.28115524077317944,0.033606456556306834,0.05146373732967933,0.19303315733984172,0.010993472418265864,0.0025988650658070288,0.0027236742133149847,0.10425433528352203,0.09659886544939447,0.024393916635698232,0.013982150365562725
135,0.02208423062669138,0.043357496085586,0.028168828870449154,0.03862838662342964,0.045385463965096406,0.01600380717624438,0.12712487628906172,0.038942089826759715,0.019781265167735065,0.034666964015917394,0.07254705334549016,0.03518880767857423,0.013187785349686674,0.01649765019006805,0.04639175666716007,0.019596706458028055,0.014721830059898166,0.2515991260081073,0.04677874323025015,0.06934713236576623
136,0.04714474667250358,0.027235716447384477,0.09368257696223234,0.02081704116074308,0.06397829160436787,0.07326932005705158,0.044701530253641736,0.01927566960916393,0.020806942153222475,0.020549893642052057,0.053281774259055996,0.07495253781687447,0.045338311518156336,0.012981317751070275,0.034820023140848345,0.07746976102561595,0.03182519251756921,0.12979222862975182,0.04536462914422355,0.06271249563447089
137,0.03417542578326783,0.057377792219640185,0.05222773355758535,0.05071560778021571,0.017651567729782047,0.04583506409306235,0.04381041587645661,0.030294104167273128,0.04538872898546788,0.01722885160826752,0.05140928415755763,0.10169880358887154,0.10429699326505668,0.030941056890140407,0.10128869299760107,0.047674466725943145,0.04742201988193563,0.044361818232673475,0.030717619769620754,0.04548395268958107
138,0.07909030754213889,0.05454742553694005,0.042284440428945226,0.03615035291989832,0.04672157288344819,0.09613862729587014,0.03125874110967015,0.06340951318571006,0.03805776645678986,0.011437695712757875,0.02725998007226149,0.03773353219693092,0.05882775518370556,0.04830202183632711,0.06069048652325638,0.05807294104212863,0.04540535882799191,0.055393964525635955,0.0629378709592119,0.04627964576038157
139,0.07760843400180982,0.04736482185845128,0.015780274477581336,0.029550858396659132,0.0406209725203084,0.12970874672363747,0.03709814503761636,0.07683108519110766,0.05153498539708461,0.02105322570969061,0.03370871313949788,0.011715434539028315,0.08675655621378904,0.04938783271750062,0.08462959890797957,0.047909278809610434,0.05367354244786061,0.04409563539254268,0.024419848607216105,0.03655200991102811
140,0.10955267932230113,0.04595488654210731,0.052791802165606076,0.09449943419518747,0.07580178648125639,0.022729389903341196,0.016711693226992914,0.052412178649353124,0.12257603803182142,0.03189985684660445,0.02073550431218288,0.06960795965380301,0.035075178523570845,0.028799653913751933,0.05199826014064372,0.0304987175120529,0.03792465640486086,0.013163724447347109,0.0724956554901927,0.014770944237022647
141,0.13878643960526724,0.0022815677649308933,0.05213120203944535,0.010027686932223369,0.046536815290371465,0.03954109428816065,0.017283846021566306,0.0860337951651942,0.07879993738352377,0.05819504000797393,0.017969995928439474,0.023510768486898394,0.047736190476569386,0.06397930776466103,0.12117673186796848,0.10722960981715787,0.025498396801403367,0.025784693519344617,0.01110652672951443,0.026390354109385783
142,0.07252738067614752,0.011246224939553162,0.06797625422426834,0.052014698840972616,0.09136654168229608,0.01878285572535029,0.018660835962318982,0.01843188868414953,0.0050039257193237405,0.06150748692300749,0.08589750666311816,0.059461286046395695,0.012280365278572642,0.09589552172150703,0.005596652981885516,0.01597039179383974,0.015913305017252008,0.07570199148138283,0.013620806034203785,0.20214407960445482
151,0.058669854359545796,0.003173724521412423,0.017841230931324427,0.005611652001716435,0.08053764137988847,0.047728111832244305,0.06848215699662182,0.1553947786661123,0.07597606843938676,0.025322224581697646,0.03218054559393848,0.05098884054091984,0.006813369257273166,0.08294681748341218,0.05982462369427238,0.05295497425017051,0.034537788514953524,0.06876656578650413,0.01814989438546695,0.05409913678313848
152,0.0301168064737814,0.005444197660238741,0.15115465861471322,0.05573600399068498,0.032768173469015775,0.07824530807927628,0.04982191051196994,0.07377098609517051,0.02039739200168046,0.016627954263445818,0.067529833386054,0.050267009235807535,0.019233221542341236,0.054125064422371916,0.04689398336484812,0.07798530970152,0.043460255614853546,0.06503577889203187,0.01754738401767392,0.043838768662520705
153,0.03717121057898416,0.00856468695414458,0.09807113947847818,0.17047033699528616,0.09100382741198618,0.018848055930005502,0.02148415106672565,0.03737810444177181,0.026564497413331757,0.048857534203153814,0.043975162346787396,0.038469680265015654,0.001671720545774588,0.13002123668809445,0.028673120492991023,0.06944045842389383,0.03611230924623832,0.0033331686198856438,0.06391609236513793,0.025973506532313506
154,0.015725834244149955,0.006830482243001372,0.01238179057786943,0.03331970707435139,0.08734364499580097,0.013363880183707955,0.0032635782130877454,0.4045741074289658,0.040476210977272636,0.13048344987808932,0.05432975672599953,0.004717493225846897,0.0018898499613984154,0.013693129930956303,0.009561096266551732,0.0032188455374307736,0.006895358363148661,0.052841296248407194,0.04089552197869901,0.06419496594526494
155,0.038886926395153155,0.05340881897486321,0.01638559657583072,0.011609921412944061,0.09922813429092286,0.014538007298558472,0.010081168239038013,0.05656788847560463,0.17107686090369278,0.18061241001201625,0.055102108554801146,0.0033589436821495236,0.00575862602452027,0.012877553560503142,0.04762894041062861,0.02909954630332547,0.08182486145022959,0.027527607641201646,0.028331782213414036,0.05609429758060232
156,0.00662420574896274,0.010672469399501361,0.013886580537608334,0.02225620821933247,0.019586582129051594,0.010857308900342201,0.014745635095232409,0.020408149014794458,0.00530713126567076,0.009831753784593953,0.018048796312184933,0.6710536592157168,0.013302887720150341,0.011871642666697527,0.02764388454007527,0.01563790877230657,0.005506080534762391,0.015005448486525609,0.06950592125476855,0.018247746401721686
157,0.009391139312250815,0.764964350896187,0.009061000976586665,0.004258492628735794,0.014940620220006508,0.004128322640926506,0.014712567836731368,0.023505392119307363,0.0405581659658764,0.0075454337855272,0.010690904968498827,0.0127145333010119,0.007002034054733577,0.010313588440380184,0.009098843263421575,0.01161036027943963,0.0014147657626491373,0.01717812157128355,0.018494948595446207,0.008416413380999868
158,0.02101187745296089,0.025550795941640565,0.0035734043098876777,0.10001116366867503,0.021812178697128447,0.0021513528007346774,0.014249683135490696,0.034032243413568405,0.012883464872723585,0.011081875048531689,0.01405423746333132,0.0013892683615657478,0.011354563760567126,0.030637280765333078,0.001364198056875143,0.5034438516380553,0.14149360149900253,0.015082183154659862,0.02837344250719364,0.006449333452074561
159,0.018132016431906216,0.023425690253985616,0.029256415315587536,0.03406829360483253,0.13334625044556025,0.013372409907319173,0.024066755610025383,0.025774048422372343,0.007473762686856109,0.021768535704425503,0.024943643933839525,0.027226125428174614,0.006926892833154414,0.022831164565559538,0.012977766983961967,0.006962702330253508,0.009690243486883243,0.015182856823644977,0.017857334918808813,0.5247170903128487
160,0.014599208222622827,0.024021695882857807,0.005619466729273762,0.06210497737128227,0.07173796489128105,0.06594723679730302,0.032472586903173464,0.07369193612408721,0.014967118202491535,0.09260943137220164,0.06442280287283737,0.18605022701939847,0.0035050762806729118,0.06646703309270652,0.043028207423799696,0.05012434254261035,0.00886512995520792,0.024133477682442107,0.06282253168347221,0.032809548950277864
161,0.04475463530561672,0.027491717902212564,0.03343963471483827,0.04072770134267542,0.009923102628548303,0.018658545230227967,0.008025471262379812,0.037673887995130904,0.009157779816019816,0.10925930294042586,0.032096872385075505,0.044437065535692113,0.020185993542896928,0.018963256881601036,0.004153591318674134,0.00718610287132042,0.07041614351056893,0.4397605583890156,0.009985836437986806,0.01370279998909281
162,0.0342979636341109,0.007140348596968848,0.032782785367820096,0.23222898357095437,0.012976717579704705,0.01781779078719898,0.004687673936171495,0.03673665182961688,0.012022582666959693,0.02768036893071173,0.02842769682481835,0.034942813470386455,0.04276375274131334,0.04773760432823619,0.04399247183208634,0.045201175791157726,0.18304661861223182,0.011703127320096025,0.136108182599322,0.007704689580133915
163,0.036094851893893304,0.006729010935224697,0.045754106298814455,0.008271708297929004,0.04762764490731563,0.0869757161998736,0.040548776867487264,0.03416047974670672,0.027228352391870908,0.04243775449025558,0.051441675511242596,0.019340642364425335,0.03135511872629238,0.018496363003591112,0.006885826988499201,0.038025752279410456,0.389986655232147,0.010436293925139967,0.023770716359933577,0.03443255357994719
164,0.06318347399681488,0.01262245519617596,0.030723286333707262,0.013628397995919313,0.025491667609275858,0.03847075120032962,0.01089785638930897,0.06353316769913182,0.06484911980901163,0.022891612210042805,0.02888653890670712,0.012960648354879568,0.16814922490137482,0.008065124731702521,0.01858434167127801,0.06060908451765255,0.06913683180870894,0.1418588129484244,0.07599788799614655,0.06945971572340738
165,0.03015924867211979,0.011239404461140114,0.056864783236871976,0.02113259647215523,0.03579628838850347,0.03857409550141394,0.008750874869726954,0.12381860011844154,0.014807114588933313,0.026006369201048804,0.03856664019455889,0.003598795808724462,0.15804925700840392,0.018915326766719087,0.023391803271289983,0.004129794256015747,0.021063694262181923,0.11603910069215506,0.04942391397700471,0.19967229825259095
166,0.0994402687471715,0.033101067735315716,0.05586890001729074,0.03180366689566411,0.012908687936138715,0.017482369158703468,0.0482195098041228,0.04010485225709818,0.04737134451346559,0.03949689243784644,0.05034832822935424,0.04440287312846331,0.0058841452202688625,0.16928358361921128,0.06859441742744185,0.012164131106636977,0.02383454828021272,0.16730850151167215,0.022997391495564127,0.009384520478357188
167,0.004055482269234986,0.07947678127444677,0.4195044877253712,0.027653376658143877,0.03764427612287501,0.01847571895680557,0.01330511403281369,0.011616555482344068,0.016039591028871036,0.00389285564859534,0.05832701517746051,0.06980323584795205,0.007443218472391047,0.036586309680931864,0.0039006630724511076,0.03014164951754601,0.010530221714529537,0.05876658996751532,0.028875521102414835,0.06396133624730621
168,0.04075352855878748,0.005936195839682762,0.009420634048708151,0.08837186894288836,0.03078049282046616,0.04456378208502698,0.041612650732338594,0.0650909392788484,0.10016351041330343,0.04514128061901272,0.07485025804796723,0.03829287417727695,0.003435156143986013,0.045174754511985236,0.07941799808989221,0.06539662974176856,0.02813776312047226,0.053915862295070456,0.02900109895749475,0.11054272157502325
169,0.008841079159758767,0.06882321099305838,0.015617949459663803,0.04168169958556508,0.07169298042750605,0.010891488328443392,0.019241626955977836,0.15925799390159345,0.06111420294399416,0.041074427741793325,0.029907022249688515,0.045060687400586094,0.0820106830058756,0.03535268357832847,0.02164175325736599,0.02216498882489465,0.10761753058755975,0.08734786763765902,0.04478335489019256,0.02587676907049499
170,0.17039658618140346,0.02519956520853611,0.007338920467567404,0.08035074431408289,0.06491571463880519,0.002029635347887207,0.01772391347656958,0.11646852705507968,0.013337865842925768,0.08703527968794979,0.050643967936596354,0.03680263543453899,0.00883434262998615,0.12188240861375894,0.02147527087287086,0.029036322827053217,0.03472664721568094,0.07113428092566677,0.0162842691921509,0.024383102130889747
171,0.03780696427358328,0.014453967593971344,0.003505616473703111,0.03258567923123257,0.23724188422261971,0.034245877992696364,0.0694619683884784,0.011271018556313883,0.08019650777911563,0.04496701302971769,0.04448823601821851,0.008629306956090857,0.010661350266811134,0.10224939433459909,0.05545149718653013,0.05111448917682905,0.05513639809884721,0.04792113080582926,0.030674342823422445,0.027937356791390425
172,0.057141131123793786,0.013448987710149284,0.007538350504622953,0.033665396976825204,0.10436514932574796,0.036424538138167234,0.022398358435080184,0.020462708692632847,0.03957675515370729,0.014050755977603966,0.195639919890332,0.006554203411686594,0.005148625924905625,0.048562293507148774,0.026305304037410878,0.009140572243072135,0.060927415706042085,0.2352602075289178,0.03889963606948927,0.02448968964266401
173,0.03808546679564677,0.02189816299350681,0.04143211594681218,0.03968008710029134,0.024005833337220575,0.01464716326739311,0.08959690221787542,0.013390091994515378,0.00779498469736821,0.008257970654024697,0.043548407523757826,0.03257390283668108,0.017700745186604108,0.19426026361899593,0.06819556181692571,0.12255181189716384,0.060821932641479996,0.041419417777025416,0.07916603663777073,0.04097314105894092
174,0.0039765778263402265,0.020572364943715588,0.028540006698158163,0.005343407469207903,0.00822106820939027,0.015748972469930213,0.0033617559592101576,0.04337019913855192,0.011965777564426494,0.01630407449374026,0.05092722932803841,0.08654479135496314,0.015074882097570793,0.014593840113620941,0.026352665818691442,0.4496627477389543,0.08925289732659482,0.023844082242418324,0.05320424134389337,0.033138417862583355
175,0.04288974501487077,0.030711947500946538,0.03338994506411165,0.02426286586079809,0.03140929078330245,0.03829249579279433,0.14417110032782662,0.1316571628005624,0.02165439912897811,0.31070614121520934,0.026739242822827386,0.015930975932178078,0.02620530137654036,0.019724144781763042,0.012100125843740782,0.006972506228026908,0.01270977939731968,0.03321579156205686,0.02858651775943027,0.008670520806716379
176,0.0013844533971722644,0.009169321246960929,0.02802180503945719,0.021358657467030855,0.7183231542035966,0.0069473396834934574,0.015265993169777439,0.017646732073073452,0.019763854505120554,0.005384238173291205,0.018424970697730653,0.034769919919622076,0.005081312564210526,0.004868132124331052,0.023583221706613585,0.01722667777243348,0.010082970439634086,0.01476501019048525,0.008374459092127546,0.019557776533837848
177,0.007350606606515601,0.035248669645896166,0.015911315955462534,0.034281119460713085,0.036256910383983994,0.024711193065068728,0.041764196141843714,0.012522428298923369,0.014301777439143626,0.0063510625639964895,0.04809840086698219,0.029189701927510837,0.00558440015620255,0.07496687388373789,0.006059572984993755,0.15367591569348554,0.010569745505345927,0.026420053766446728,0.04813564134497635,0.3686004143087709
178,0.042608711695205324,0.01514172370477318,0.0027010398381066823,0.017911808884028903,0.018031785825232925,0.030160990923739566,0.0379463756432926,0.03510140076080858,0.16174626095997047,0.06584160473317183,0.10095835079148978,0.03718533299305289,0.000950538457406985,0.005498873586613683,0.0720732446690616,0.04293260787083817,0.10802884294785778,0.09349687573176836,0.036640193569142124,0.07504343641443867
179,0.07165429194199835,0.017116264407874067,0.059596498529541374,0.010741861551976994,0.028684518973294583,0.012290934511249029,0.0699873421059189,0.030505774832165048,0.008303515636212042,0.4762436951245959,0.02490914131524003,0.02327794547509974,0.0029397245895206757,0.003858318354013891,0.003132653898724159,0.009387457138760602,0.055221442340442684,0.031724253696511544,0.02286390077645047,0.037560464800409914
180,0.004412123467524517,0.012589901128771055,0.6345035244491927,0.022968862278299154,0.021464438627393466,0.009891213793856324,0.01991333533488959,0.016179506109323335,0.014709855982777622,0.0322762482084755,0.03682495334075617,0.033272286307198015,0.01111027352082749,0.02205503702090598,0.042219059639935365,0.0141929059247698,0.011420237473832516,0.007592636851898957,0.010218606482616147,0.022184994056756443
181,0.021098231570469896,0.012094805487398923,0.03206711567310019,0.026095352428818566,0.020103214512464867,0.006410939644430107,0.007794103554861476,0.03981866411626373,0.017745401092047714,0.286945423148654,0.04109250535635761,0.011333753322244903,0.011662430400589768,0.006970109080870523,0.007091055854791299,0.0057728900771519135,0.022961527405439445,0.39367200725659124,0.01744922437889364,0.011821245638560084
182,0.02628349849760859,0.01978370334268222,0.015658059306165862,0.055367383237982924,0.0037568572547742995,0.01777262818417354,0.017471555559666656,0.027829767012141328,0.008761433362057864,0.022024161639529957,0.020913927692734174,0.009274151267568012,0.01733698638320816,0.12140897217081364,0.012708670554139155,0.01806288503911419,0.2082683932560458,0.3480663395953306,0.008983871600658812,0.020266755043604156
183,0.2106732805028849,0.02486403143138085,0.019886297350993842,0.042320689057021216,0.0829599500416387,0.014643089162928809,0.03531909835315835,0.016362927971100064,0.055976159663215355,0.040279274854239176,0.024330715005625295,0.022185774284556415,0.03460782618185076,0.06611692299167564,0.07091663639005348,0.014071142267363081,0.0688590152136041,0.08478894089739968,0.02162285689869982,0.04921537148061055
184,0.004924871048670914,0.013758564279201625,0.005578698985822118,0.00937679470169032,0.02938307793646205,0.012974680366390903,0.014213487058590995,0.350738429279237,0.015141687043541779,0.03417421939966554,0.33283748781921546,0.05005306895775845,0.004650933764968534,0.005288255057697589,0.0013743613767019656,0.007157868384397349,0.04114829054445179,0.030640271724480608,0.02256039403556267,0.014024558235492523
184a,0.08772505170486,0.01923557905644207,0.05274095723750801,0.04046905201310095,0.024305210116776204,0.0694894067398625,0.06932590873065494,0.057734495203490103,0.027538323481665756,0.08625507738909689,0.05965366695363259,0.12999715389901326,0.019203150117151947,0.056482980593066064,0.04142907920360929,0.0428051610875232,0.036262461195142696,0.035159107286438764,0.026389473348236756,0.01779870464272798
184b,0.05815261842113042,0.03302692563882075,0.05060300262055752,0.019310393500777307,0.10059909220684628,0.05706000246510988,0.06642329115952489,0.02880650306593871,0.050723535831005695,0.02901887993673227,0.05828619305544832,0.036813772241288026,0.04479558641872486,0.08043424690067723,0.014462355711568462,0.06350096671238979,0.026025832602729292,0.06070518394274231,0.07982914226112547,0.04142247530686253
185,0.035718704427204886,0.00576790338801832,0.026795848263256147,0.037527854653949456,0.06236996750774769,0.024957902248972354,0.07551961311221253,0.08843798438304275,0.05866123144805463,0.03850063820557055,0.014816581174434495,0.10175406160415741,0.052611759729782,0.11491466190570498,0.0472420431762089,0.009210527652048231,0.033083378006691214,0.07645841763162868,0.0718079856182274,0.023842935863087396
186,0.06606851337834936,0.010160366631166111,0.028386469271607043,0.02597460258700978,0.029569811970766066,0.1188052771710025,0.04252327309732432,0.003230627260095539,0.10953724337257187,0.03741701493581743,0.0873135735466962,0.06710085151955816,0.020610478929302782,0.1351582872171103,0.00913149915365413,0.08038383441827938,0.035324427284575445,0.04480980121828296,0.03356767978713154,0.01492636724969922
187,0.012716839646065672,0.013891798369934314,0.02302090648691027,0.09374284653183508,0.05756108056857967,0.023221803710915517,0.06026611399638472,0.015845014931389186,0.16926364544634617,0.06835679776667804,0.04043815464271013,0.03663223648602243,0.04963125909733926,0.017243185145209335,0.040636263613111095,0.04599173574273481,0.029615071526809176,0.053275777503161155,0.0822633225214634,0.06638614626640058
188,0.08790979099817592,0.0038279909874184503,0.044606149054937205,0.057241542778470135,0.0075171094341781545,0.053921764586634245,0.06991212917723397,0.06155056484060322,0.06394878130067165,0.008416306853588856,0.04098814515609153,0.012675459467203309,0.0402190809420754,0.08781940542470806,0.12414129906182086,0.09487628804946073,0.024609950528069236,0.039406713833635,0.04627610110189392,0.030135426423130152
189,0.056486914921515176,0.03242122334422426,0.0378559238922916,0.044985182662077156,0.026836233519361413,0.06745511063936811,0.027930239576725066,0.048054596585368065,0.02438856338429743,0.012967606577231412,0.032042641181901824,0.04212067867794021,0.03975212228510935,0.08417673482965833,0.05537738969015403,0.04731657669365135,0.09618272139775019,0.1045781720611108,0.017580384712957243,0.10149098336730712
190,0.06475405416160587,0.024089721120024436,0.06634895852369023,0.03975155622637773,0.054849410875016734,0.006968310507686387,0.0627688592881271,0.012705450774981348,0.04175861844958156,0.006738376468851095,0.07190924548632256,0.09977068183621297,0.015217488247833361,0.019896965434483903,0.09078265432150104,0.041887628960812814,0.17280834342588614,0.017136159918603507,0.030716705148489818,0.05914081082391132
190a,0.07660101244415943,0.0026443819380970626,0.02197809443513978,0.01776716476667201,0.08519808643863255,0.013451726083364588,0.12474993975249021,0.013136205404555786,0.05912730632696847,0.03724204292490329,0.11698831470178614,0.029450004694270636,0.006693088475154223,0.057063768573982265,0.038256371644324653,0.020770893964939655,0.02104260657823597,0.019661584169503372,0.09284652016930975,0.14533088651351025
191,0.02183111369541579,0.01149676050046345,0.029511852886564407,0.010080366919819747,0.2116076789303411,0.027073707997780142,0.012433165353363538,0.003993415033878802,0.010911668214273437,0.02144120310585954,0.047090020604528854,0.01903459581190034,0.0026031994914678604,0.044904343642128905,0.00197046569712714,0.01535317611691406,0.009045259381889418,0.006683299224914971,0.020250556990817337,0.4726841504005512
192,0.09027055776520142,0.002677405261720333,0.0055736916072489165,0.0075431696181997715,0.020823640739227812,0.03676581645583598,0.07564850512819223,0.12185841123621777,0.01061114922282396,0.1115485453669235,0.10751489477629592,0.012921894100804444,0.010011266579116844,0.006734694509085148,0.2920660828732305,0.013221242416169227,0.02855343193173853,0.019548573810817663,0.01861878710011046,0.007488239501039616
193,0.006557631049478914,0.011678000477931697,0.00693410096134025,0.0051519549881306,0.03764645430817656,0.007901767415682324,0.01584240179553364,0.05294657723178226,0.019462261326644144,0.6187202967586625,0.016976855276681854,0.014952566007608952,0.00827874160383017,0.008263055102738009,0.019094249689119654,0.01037197246784503,0.01885471263069306,0.04203570941357386,0.06530370294157271,0.013026988552973524
194,0.10697829170221054,0.014763809090803713,0.007011395744053038,0.012847564958425213,0.03172811514705879,0.05105623684640537,0.039543475120916216,0.03730970661678668,0.017566022442480546,0.052423065751277954,0.1047670728493453,0.05196809991242083,0.0016164575722767422,0.03670580065548211,0.07034821759698173,0.0662915091310591,0.03148743226667021,0.09474636885801213,0.12956572415875217,0.04127563357858158
195,0.10419147493625577,0.04846426393585417,0.04832450554714506,0.007680503314146219,0.013847445684729709,0.28591114267125667,0.15015991152983327,0.019003767317617763,0.007895338134771644,0.008562150728949714,0.01972639773866657,0.09608421238911669,0.0017825806536704643,0.022398211324158375,0.03456900610005932,0.06646569433847,0.004717880181361011,0.015827469676471487,0.042127410415145256,0.0022606333823211072
196,0.03720703325746582,0.7165065715236695,0.009127594989418926,0.011469917758634917,0.00971991779146182,0.028290134306786004,0.010146881485429703,0.006669228885487314,0.027544390514183382,0.003507114226547292,0.013307028893668124,0.03524533028451861,0.006226896702080483,0.009435880348980064,0.008812228986767506,0.012075906332680597,0.009566218215055601,0.022840512368613654,0.005913979158010067,0.016387233970540645
197,0.06556954560218987,0.11832293082428737,0.14876800822121009,0.08579240755330259,0.010694572787236394,0.0594147519947685,0.005413554080502581,0.007824005996397798,0.02216504341184109,0.028035823260644917,0.030277651645809655,0.21294463400191638,0.006241456263386879,0.024572779490539074,0.006263443215868608,0.04641971699817346,0.004246939469399366,0.055066067901061194,0.032327182780140885,0.0296394845013233
198,0.024555503226295038,0.0171323602064198,0.03297796033257361,0.03738133527219074,0.017580684025650915,0.045553894339683085,0.025134223925591236,0.0350784757441031,0.05583775227343048,0.005923602794190654,0.028237252137161915,0.02965570655087296,0.002075829881065592,0.04572810156263187,0.16573939612430108,0.1619599613135074,0.18833260305513405,0.034671695169806865,0.03444127311482087,0.012002388950568646
199,0.07045041680381338,0.02378971095930301,0.021676735688575213,0.09996382735881881,0.005511295338943703,0.002461251396213752,0.03372292221799098,0.017008785778913713,0.13744393774788732,0.002106079719905674,0.033396024790532206,0.02109382335163992,0.008359235645340154,0.02189765684722858,0.052344988434950855,0.22400775763519043,0.1102513834263639,0.02753299566853025,0.05416602554548901,0.03281514564436906
200,0.03826194585694035,0.04590846989421947,0.004750714095751908,0.045667338105716306,0.006230301435654659,0.003983470793249804,0.01384962053482604,0.028260216776889283,0.07581049829168249,0.2940296655898731,0.05107087203027034,0.004546348395583732,0.001721094866801239,0.07793798820327649,0.09664770411901775,0.019775895437396707,0.010947672624807345,0.1377473410325092,0.02338788512130783,0.0194649567942261
