site,A,C,D,E,F,G,H,I,K,L,M,N,P,Q,R,S,T,V,W,Y,*
31,0.041727087,0.043934694,0.004692127,0.007345166,0.128009167,0.0278261,0.012736945,0.107159945,0.048383815,0.006579569,0.068393453,0.033791765,0.013455245,0.016870066,0.250024019,0.031932123,0.077442459,0.017059998,0.015510558,0.046508269,0.00061743
32,0.123739871,0.029007094,0.105259099,0.12351934,0.004700771,0.119809404,0.116740103,0.000546523,0.034062865,0.000136734,0.019257857,0.044829935,0.009443897,0.085948741,0.035430023,0.070110281,0.032833553,0.002768078,0.030249834,0.006244537,0.005361459
33,0.061810999,0.053315392,0.048069366,0.163771423,0.032923401,0.040907116,0.029520234,0.041916002,0.025134848,0.021090971,0.034081323,0.178917647,0.010897666,0.03087771,0.03518697,0.029289259,0.034838675,0.017974734,0.036316186,0.068672069,0.004488008
34,0.002501789,0.088693704,0.007985814,0.026749786,0.062440388,0.017730409,0.015172266,0.009851546,0.01490539,0.064933625,0.374700539,0.016904587,0.00527105,0.019206264,0.017908135,0.087095965,0.0765323,0.044970882,0.015713419,0.030351955,0.000380187
35,0.003750571,0.017346624,0.005909454,0.006927931,0.073816482,0.003149275,0.008395852,0.00949218,0.006230969,0.0112544,0.007960784,0.002950458,0.001914208,0.011694831,0.014867653,0.002011802,0.006448392,0.029503063,0.654785816,0.052487198,0.069102057
36,0.020516337,0.171738226,0.003549932,0.004142952,0.020164586,0.000926319,0.002015939,0.088593615,0.007161803,0.002275841,0.00910999,0.001312548,0.001415973,0.005438602,0.00137117,0.000525353,0.088863243,0.564678138,0.003983604,0.001142317,0.001073511
37,0.098732328,0.026783793,0.001752751,0.009399357,0.007774699,0.023643554,0.004006028,0.054814192,0.017920808,0.002228771,0.003371657,0.012110313,0.00089721,0.001359838,0.000413977,0.056440042,0.667683414,0.000749712,0.006192762,0.002542639,0.001182153
38,0.027488612,0.005427208,0.007881669,0.007876923,0.036323163,0.011861663,0.023144876,0.55019187,0.009412984,0.01098261,0.013733272,0.008097574,0.000885229,0.012658875,0.0008629,0.004690218,0.00081921,0.243702842,0.01873617,0.004347852,0.000874281
39,0.001304129,0.028563823,0.003310269,0.001579943,0.525100104,0.001959979,0.008811978,0.0020321,0.000814555,0.0006928,0.004310065,0.006329493,0.002755165,0.003540751,0.00068638,0.001926012,0.001346632,0.003164625,0.006043329,0.392164475,0.003563393
40,0.009492376,0.013551501,0.025671864,0.002452038,0.18909398,0.005082694,0.019640075,0.000960895,0.006249292,0.000284445,0.004471122,0.028802774,0.002118892,0.005018607,0.000825378,0.001230907,0.000719935,0.011588918,0.024136344,0.64358959,0.005018372
41,0.018155264,0.002561491,0.005208827,0.047119879,0.001824061,0.843508985,0.004740142,0.001589278,0.003971019,0.002248593,0.008065965,0.003168746,0.005108407,0.004145218,0.023720807,0.000880172,0.001517769,0.004901261,0.013432193,0.003626732,0.000505193
42,0.007358458,0.013345098,0.010793732,0.012666771,0.001786213,0.002246856,0.011691798,0.063205648,0.007462841,0.025400876,0.017823024,0.010210508,0.013864326,0.007619084,0.001814478,0.001726497,0.005296898,0.758833058,0.016663396,0.00567347,0.004516971
43,0.010806077,0.004091671,0.003096904,0.006496621,0.002434986,0.00126715,0.005359532,0.004560928,0.003820052,0.009249588,0.003054632,0.002476326,0.896182803,0.002160028,0.00045886,0.0234644,0.010758869,0.001291085,0.004296731,0.002412582,0.002260175
44,0.087546049,0.045695201,0.0047942,0.0075709,0.001915183,0.092636956,0.010744474,0.036618292,0.150950679,0.03626812,0.056894183,0.008067149,0.003947278,0.001241321,0.001313475,0.003668413,0.000334143,0.439674901,0.006509573,0.001951234,0.001658274
45,0.001458229,0.014318905,0.002097806,0.00135876,0.021909352,0.007377406,0.001630172,0.00102747,0.001116327,0.004863126,0.003959959,0.002850718,0.000397358,0.001526371,0.002292906,0.001181594,0.000966734,0.002137669,0.752331706,0.15729261,0.017904821
46,0.010695939,0.046492102,0.009163291,0.051484631,0.013293775,0.044183205,0.453773002,0.016600667,0.01619719,0.007703333,0.030131419,0.012384892,2.67E-05,0.015904438,0.063689412,0.091384619,0.015845471,0.015674136,0.0274108,0.056700951,0.001260055
47,0.017900193,0.001294799,0.698080815,0.071897102,0.000836632,0.028338929,0.004850665,0.000124796,0.034151905,0.000143224,0.002500366,0.006705448,0.076905559,0.008640296,0.001233507,0.010419178,0.024864503,0.004717603,0.0010166,0.002580577,0.002797302
48,0.002328403,0.014928218,0.014797585,0.238809867,0.042759004,0.024882134,0.002458633,0.022053837,0.011531026,0.004123826,0.357483583,0.00428067,2.38E-05,0.064407238,0.006727208,0.017080132,0.005470968,0.008183394,0.049794568,0.107678582,0.000197304
49,0.083136979,0.080088947,0.017643209,0.020353147,0.053208898,0.235117033,0.001188618,0.015113569,0.011119678,0.002237742,0.052415599,0.04838266,0.070669549,0.010022481,0.017253864,0.025395042,0.052923778,0.008812227,0.018355737,0.176453492,0.000107751
50,0.012572414,0.018894857,0.004328331,0.090173986,0.016483587,0.075394513,0.010240755,0.310689854,0.000565188,0.001375497,0.026545234,0.022582994,0.092895942,0.128096306,0.000409221,0.012193083,0.110164625,0.048229041,0.005965923,0.011717798,0.000480849
51,0.00570664,0.003711705,0.039985867,0.06203224,0.024561537,0.010360767,0.014192425,0.043570268,0.00691201,0.033739519,0.024778269,0.109830233,0.015677472,0.005758922,0.045041577,0.131019642,0.02211653,0.029652158,0.160152527,0.211155814,4.39E-05
52,0.002910043,0.032364885,0.001111276,0.003163318,0.008149069,0.002222581,0.001651595,0.006375263,0.000984441,0.835167174,0.061922562,0.001286419,0.002494398,0.002721151,0.002060846,0.002543004,0.010138777,0.014206366,0.006146953,0.001823346,0.000556532
53,0.001845037,0.001304753,0.001470775,0.003647818,0.152422779,0.000908516,0.063810619,0.152074956,0.000656062,0.056486281,0.042449424,0.000543597,0.001419563,0.005142327,0.000921479,0.000955954,0.000877761,0.031934197,0.016047024,0.464970919,0.000110157
54,0.003812657,0.768511853,0.006515547,0.006244008,0.056575162,0.010309533,0.007750041,0.003190377,0.006243714,0.001701243,0.003992771,0.005672235,0.007355,0.002455341,0.007910987,0.002091069,0.003493873,0.001276003,0.005048915,0.08441466,0.005435009
55,0.017652139,0.165542591,0.000212449,0.011702891,0.036382469,0.0364948,0.012292789,0.036790243,0.002051059,0.000113442,0.077649104,0.002135931,0.000123671,0.001867959,8.97E-05,0.039084977,0.07586581,0.476571109,0.003761498,0.003375509,0.000239831
56,0.006141248,0.010280729,0.006076569,0.003307862,0.009496428,0.002055829,0.117262095,0.005812934,0.004046174,0.006776122,0.165032773,0.001640901,0.002194475,0.005309397,0.001930298,0.011445371,0.0725959,0.374101991,0.162461932,0.017690179,0.014340792
57,0.095358422,0.036633598,0.004416618,0.035474556,0.101904673,0.022099088,0.019166522,0.029145622,0.183437741,0.024572669,0.03601039,0.092954785,0.018719215,0.060663249,0.043698727,0.014236298,0.012185476,0.029924434,0.039167676,0.063469953,0.036760285
58,0.001765546,0.067139094,0.0694903,0.064098172,0.03288588,0.042472665,0.038195586,0.058009665,0.085755353,0.031101389,0.045206058,0.041330575,0.047699455,0.157737824,0.011966943,0.060026452,0.046543426,0.036514354,0.034058113,0.006254403,0.021748747
59,0.043984761,0.056598131,0.051394455,0.098741306,0.043244116,0.04378431,0.042902374,0.046952053,0.002723674,0.02944603,0.034518184,0.026314262,0.035535295,0.069215352,0.074425404,0.033396887,0.060214857,0.068610967,0.042624924,0.053461544,0.041911111
60,0.006309393,0.010785346,0.039497527,0.069657413,0.011284984,0.014579394,0.041400809,0.000179627,0.294291777,0.004729059,0.012099529,0.003789494,0.005223601,0.098520401,0.1881921,0.016572717,0.051075732,0.049093084,0.034955835,0.04744871,0.000313468
61,0.021336135,0.04065805,0.049944426,0.018961255,0.038221825,0.04856427,0.153369455,0.012941485,0.01540278,0.032284584,0.125207265,0.034458245,0.030737251,0.073823003,0.007803014,0.137676516,0.061158202,0.047571842,0.036157068,0.006314893,0.007408435
62,0.024756078,0.025009841,0.004640665,0.128150854,0.032525754,0.144158687,0.034271676,0.004408887,0.037355893,0.003116519,0.024445994,0.19640375,0.166327235,0.015657998,0.019906853,0.018387233,0.018698052,0.023701728,0.032083026,0.031617732,0.014375544
63,0.050238057,0.018530452,0.008946023,0.006882203,0.014031791,0.018446112,0.067678802,0.009238871,0.559811666,0.004826577,0.027651893,0.005474923,0.016013089,0.023301046,0.078072524,0.007658036,0.031718944,0.01800222,0.015688224,0.015719285,0.002069262
64,0.071598824,0.007178934,0.04815246,0.000371516,0.002562009,0.280818569,0.00476042,0.00639013,0.023286617,0.001836679,0.033954797,0.343814051,0.010682781,0.029111973,0.02178698,0.098008317,0.00280339,0.00530574,0.006221535,0.001349734,4.55E-06
65,0.008977823,0.005480976,0.111492043,0.020680368,0.100654448,0.004320378,0.151641869,0.001395503,0.154683578,0.015228346,0.010876127,0.078582207,0.011691389,0.003926427,0.069243726,0.008763052,0.003979579,0.002979514,0.024764214,0.210630815,7.62E-06
66,0.051650088,0.00419493,0.020506802,0.011411649,0.046538065,0.085879451,0.000657883,0.169140141,0.010391771,0.046475038,0.017122688,0.054443709,0.009189637,0.214506056,0.000637796,0.038100229,0.002747447,0.005334059,0.113289106,0.09731025,0.000473204
67,0.017457033,0.008434842,0.025166275,0.009420212,0.121915048,0.017508695,0.02420387,0.111985905,0.1174977,0.051965707,0.025565675,0.069002267,0.004100392,0.056711306,0.050485827,0.040135278,0.162901809,0.021820347,0.008561053,0.054830959,0.0003298
68,0.02700625,0.003193908,0.00569737,0.005089889,0.489741411,0.048478695,0.157614283,0.009448614,0.002933438,0.05120171,0.021523188,0.017704232,0.000721332,0.013350671,0.013825438,0.018559597,0.02304089,0.013424735,0.030835181,0.046596766,1.24E-05
69,0.004830931,0.012929577,0.012505617,0.00206677,0.042370811,0.019669553,0.069772988,0.167978616,9.81E-05,0.449760785,0.075123222,0.000879567,0.003411064,0.006396412,0.004095482,0.000371762,0.000157145,0.045171949,0.021248387,0.052261897,0.008899361
70,0.006265743,0.022178009,0.030815057,0.05863491,0.011757975,0.006800105,0.02298751,0.379191542,0.013852495,0.017064799,0.012513754,0.147706503,0.000814754,0.068344458,0.037332564,0.019289409,0.016007583,0.040800141,0.028855752,0.055206497,0.00358044
71,0.031988822,0.009736634,0.029001844,0.120144075,0.011428716,0.021153668,0.028492546,0.078670382,0.106887515,0.108818414,0.010247758,0.078037069,0.00357005,0.072016849,0.217238789,0.007327232,0.021978595,0.004932774,0.025769784,0.010721215,0.00183727
72,0.034277376,0.052985244,0.005441972,0.005540561,0.009187311,0.006867642,0.008196487,0.039181907,0.018781537,0.618555756,0.063001372,0.019421367,0.010720965,0.005842719,0.033347589,0.001885694,0.001937903,0.003192719,0.029537186,0.031980391,0.000116305
73,0.014026431,0.005975065,0.02386817,0.034558903,0.242879846,0.035076464,0.005247779,0.167383956,0.000462112,0.029344811,0.025883858,0.003951819,0.000630789,0.017752489,0.001743533,0.021936403,0.020001653,0.332239314,0.015975434,0.000955223,0.000105946
74,0.002223836,0.896055819,0.000926524,0.001181382,0.007425024,0.009044872,0.00219486,0.000352845,0.001366551,0.00184113,0.001287317,0.000762883,0.002122923,0.005302996,0.002667101,0.002280656,0.001669773,0.00078289,0.002203556,0.057749365,0.000557698
75,0.016560645,0.039787452,0.003008442,0.001722332,0.17292891,0.002137959,0.001235359,0.056745083,0.00064883,0.038398031,0.032506997,0.001194018,0.045917467,0.004824063,0.000390088,0.093611442,0.383530064,0.068802293,0.022312086,0.013562891,0.000175548
76,0.288810197,0.000782359,0.006990803,0.002058108,0.043201383,0.044037944,0.014840192,0.009446172,0.003924901,0.15574425,0.079518682,0.001413793,0.063693114,0.025108275,0.001303918,0.040956115,0.017781251,0.100145073,0.008905542,0.091074078,0.000263849
77,0.028687381,0.005857588,0.002053528,0.000750957,0.070148737,0.045969245,0.33747353,0.154441173,0.016993955,0.043649143,0.061935482,0.034599275,4.65E-06,0.035826083,0.001591437,0.002334714,0.002896348,0.115344263,0.010271691,0.029162904,7.91E-06
78,0.02920724,0.006781024,0.014656186,0.076503763,0.025225689,0.010408621,0.003643042,0.022132267,0.096100813,0.031957678,0.022310576,0.040988197,0.00122865,0.00821883,0.046891841,0.183203171,0.112511997,0.010335773,0.00838082,0.24919979,0.000114033
79,0.257507574,0.013852908,0.033594852,0.023787421,0.072002072,0.000510705,0.016665235,0.069020564,0.011419383,0.068391483,0.038597487,0.047679825,0.007009825,0.014310879,0.005222256,0.060279745,0.118691433,0.021438564,0.037464286,0.069354305,0.013199199
80,0.012361853,0.006023124,0.042674875,0.012150032,0.002981157,0.012598919,0.023593762,0.440552428,0.088818003,0.032355186,0.005980321,0.017854173,0.000264501,0.037155655,0.081941467,0.012025263,0.025981219,0.133046999,0.004721512,0.006596209,0.000323343
81,0.057240086,0.006571617,0.042659906,0.479608177,0.004756745,0.039021563,0.011329328,0.020792112,0.002223537,0.010046914,0.027867128,0.023438871,0.00174526,0.06987428,0.00397952,0.067686013,0.086278436,0.024893408,0.007438734,0.012545505,2.86E-06
82,0.007840259,0.021608135,0.019010536,0.014705188,0.270880427,0.009999927,0.084591143,0.006848012,0.04706843,0.005159876,0.03956192,0.007399593,0.014558917,0.014319794,0.010030052,0.008306271,0.009419659,0.015187038,0.124789778,0.26800607,0.000708974
83,0.07119958,0.00544114,0.067283109,0.269929964,0.001057891,0.094450749,0.037955998,0.001900025,0.023208995,0.001087526,0.016666977,0.082089253,0.144961528,0.034447392,0.000637766,0.031121449,0.061484964,0.028300449,0.009890859,0.015374982,0.001509403
84,0.025541248,0.023598476,0.002560269,0.031730557,0.018545308,0.002546482,0.015616237,0.399599798,0.040491407,0.078215917,0.040563714,0.00277826,0.000811511,0.00910218,0.016399513,0.013772977,0.003533481,0.020676609,0.01975761,0.234087459,7.10E-05
85,0.09673422,0.006371449,0.023007392,0.021284603,0.00635853,0.005596417,0.018182058,0.018485661,0.017595297,0.127941636,0.04716966,0.005365702,0.028436444,0.09465849,0.140687087,0.034310659,0.261818078,0.011447847,0.026108197,0.008223517,0.000217055
86,0.01338702,0.007025965,0.004852976,0.01517385,0.017429024,0.002786031,0.005071779,0.084666742,0.001944029,0.172882658,0.473730059,0.016337135,0.002226961,0.002751176,0.000712934,0.004976813,0.04569885,0.117923211,0.00742089,0.002424762,0.000577135
87,0.072304518,0.033848575,0.123404193,0.041595033,0.080471124,0.025501217,0.078027095,0.045859987,0.014282121,0.078033867,0.02223186,0.033626781,0.022343646,0.017237927,0.122401325,0.020765567,0.048835786,0.037407781,0.032190044,0.037858706,0.011772849
88,0.055493345,0.07011966,0.065814746,0.014955831,0.012787937,0.068553497,0.022924142,0.026175745,0.130944039,0.005136835,0.024809686,0.149602011,0.004159274,0.022020957,0.031275383,0.074756023,0.06566183,0.0106414,0.025778426,0.10784438,0.010544854
89,0.021295688,0.02952897,0.017241413,0.009968138,0.033638957,0.003890396,0.022717663,0.079397953,0.015006527,0.069166889,0.026854047,0.0150164,0.003330311,0.016508542,0.017074428,0.006379167,0.100510974,0.338076257,0.070770133,0.084334789,0.019292356
90,0.038192367,0.016536056,0.010336893,0.058414845,0.022872095,0.009155024,0.054127704,0.027754171,0.08239977,0.024636404,0.043125147,0.025249892,0.001408317,0.013702245,0.098919922,0.052421163,0.125034108,0.11647449,0.038318835,0.136043397,0.004877155
91,0.003564992,0.028726833,0.050613558,0.358388218,0.008587435,0.032555523,0.016601897,0.01493242,0.275350139,0.007954322,0.057291109,0.036727259,0.004818418,0.01172156,0.005930721,0.015039507,0.011804475,0.014324822,0.017080703,0.021949363,0.006036728
92,0.0176621,0.016095268,0.05433739,0.125535729,0.012070932,0.01014744,0.163773645,0.038166121,0.134043868,0.008517805,0.016899941,0.060788361,0.032565435,0.03384763,0.049447703,0.061247598,0.083537141,0.014631018,0.048336761,0.016975094,0.001373023
93,0.00758846,0.022206699,0.015714211,0.023564034,0.594884362,0.011287541,0.01843293,0.030481407,0.022236963,0.031415193,0.033829693,0.005309301,0.005468882,0.002854228,0.007607593,0.071705923,0.004715653,0.007305659,0.017327207,0.063424422,0.002639641
94,0.028177495,0.043479104,0.135327691,0.103105985,0.019888059,0.029650073,0.024316142,0.017212801,0.079295399,0.017589955,0.00591174,0.07961068,0.018220062,0.08224635,0.025328381,0.046329893,0.030575586,0.036492146,0.040898877,0.129551522,0.00679206
95,0.092667208,0.048208904,0.030151817,0.019651685,0.039560792,0.125921425,0.001922633,0.259117935,0.006498848,0.009831995,0.09592197,0.001610699,0.011078059,0.014353237,0.007684896,0.034479646,0.064837454,0.092556316,0.039224435,0.003654193,0.001065855
96,0.074012233,0.037456285,0.016274128,0.117582989,0.018427489,0.028095072,0.041519588,0.049292043,0.024008716,0.038484145,0.015435731,0.07315762,0.008199131,0.08122315,0.054748017,0.021947868,0.027021313,0.002017539,0.072899439,0.006880862,0.191316641
97,0.009714097,0.027894541,0.096825086,0.003454512,0.043361818,0.022245844,0.092829991,0.017881566,0.073610017,0.014813714,0.056841264,0.08810792,0.011650188,0.067408693,0.031790586,0.017490543,0.110830623,0.126460242,0.015397198,0.06548382,0.005907736
98,0.099568787,0.028385337,0.05687248,0.016040464,0.015343472,0.012554155,0.021005997,0.194197062,0.011617185,0.111481637,0.00709199,0.230481469,0.02001873,0.027692636,0.001943659,0.031166833,0.037721534,0.018872535,0.026240851,0.030300517,0.001402669
99,0.075017691,0.031126051,0.032308748,0.034751742,0.012572483,0.028042953,0.020313766,0.106412525,0.014753669,0.002336481,0.07462358,0.394190308,0.02754021,0.003658644,0.007922608,0.035316214,0.023815135,0.016376212,0.032637205,0.025499993,0.000783781
100,0.209046764,0.001175021,0.006383079,0.004627391,0.083064903,0.017935665,0.005252261,0.051285089,0.010843535,0.090229139,0.407936094,0.001929041,0.001870979,0.016936619,0.001366876,0.001100228,0.00797892,0.067210176,0.011098123,0.001788935,0.000941164
101,0.031315274,0.031887808,0.034340613,0.014306877,0.003275205,0.004823069,0.007668315,0.2579249,0.002494719,0.065137334,0.01704605,0.050215516,0.057012841,0.01665326,0.001875717,0.081789843,0.050478154,0.242625509,0.021857227,0.006022693,0.001249075
102,0.011572481,0.078229141,0.025048985,0.03761592,0.066429073,0.173564843,0.046259947,0.024518329,0.084433459,0.105941724,0.025745725,0.009498643,0.007300517,0.117396536,0.03739316,0.030599612,0.017111612,0.03362399,0.039540302,0.012801091,0.015374911
103,0.033974628,0.038359102,0.030653862,0.079419634,0.05318867,0.071895098,0.034761391,0.044721902,0.096028719,0.006569384,0.034828359,0.052336293,0.035672792,0.095114552,0.04387405,0.032486555,0.018929164,0.16128884,0.002603498,0.009603599,0.023689909
104,0.193859868,0.154270145,0.009337592,0.005013514,0.070632584,0.007340826,0.042778571,0.046795621,0.008397004,0.039856153,0.106432116,0.007689534,0.003633352,0.003706196,0.003934462,0.022530162,0.118347439,0.095389565,0.027752653,0.029980067,0.002322577
105,0.03735587,0.048840471,0.00176578,0.008923633,0.013139946,0.019681879,0.002503883,0.022076248,0.023944142,0.283947032,0.011849052,0.026172055,0.004690233,0.019943277,0.053937787,0.022547874,0.33786281,0.028852268,0.01094029,0.020935092,9.04E-05
106,0.022651275,0.038010366,0.208679069,0.0380551,0.026072277,0.046078073,0.071643473,0.008760534,0.117385127,0.023263111,0.039523787,0.037334654,0.001361554,0.079505998,0.02342641,0.027371512,0.064771747,0.015971158,0.046813275,0.034417954,0.028903546
107,0.02937452,0.014395916,0.074211929,0.337802411,0.001568033,0.056157841,0.035834777,0.010633048,0.002204593,0.069333652,0.080129241,0.189617845,0.00103102,0.023994528,0.002393752,0.008675441,0.016958432,0.00500034,0.013207152,0.026628635,0.000846894
108,0.030687138,0.065736769,0.011389021,0.008848915,0.132671049,0.008467646,0.033692378,0.024192131,0.004183887,0.085000007,0.080634534,0.000118942,0.006626849,0.115519422,0.003352301,0.006881055,0.145768824,0.058407694,0.045829355,0.131911341,8.07E-05
109,0.019022841,0.034670897,0.038365131,0.00814837,0.113465745,0.011251733,0.052296804,0.024440495,0.052748536,0.063456295,0.009695008,0.159693293,0.001821514,0.047515703,0.102493314,0.078931672,0.078272349,0.028064742,0.009762016,0.065713388,0.000170154
110,0.145445548,0.008755027,0.038747699,0.062702822,0.077920506,0.197693049,0.044386005,0.007452589,0.007800958,0.10212513,0.040406609,0.032322344,0.000773079,0.035362644,0.017770404,0.028843651,0.009706234,0.008513657,0.03981346,0.09340625,5.23E-05
111,0.013850337,0.017860728,0.00836611,0.011165587,0.047975492,0.088348849,0.113042311,0.099013687,7.85E-05,0.008242106,0.061426049,0.020776544,0.000205264,0.426821893,4.71E-05,0.015905294,0.03717273,0.004200129,0.013732425,0.011300373,0.000468414
112,0.07600767,0.019096623,0.001809174,0.004972102,0.321430508,0.007601986,0.015528904,0.11727535,0.001176069,0.057817752,0.02448572,0.001844473,5.25E-05,0.011824177,0.002369462,0.002725055,0.018926453,0.259916327,0.007392875,0.045104473,0.002642363
113,0.006030622,0.007082162,0.008504113,0.012378884,0.061865384,0.068091324,0.046157791,0.004627888,0.270803099,0.018198988,0.113573493,0.009037679,6.29E-05,0.049925454,0.223889972,0.005164051,0.019436059,0.006137647,0.041565468,0.027451403,1.57E-05
114,0.007018304,0.003555253,0.005750168,0.00020973,0.216978716,0.013345398,0.020957786,0.145752259,0.020821843,0.16205301,0.066032888,0.049356938,0.00068642,0.007475544,0.008023472,0.007810698,0.051071729,0.075632288,0.106934934,0.023034042,0.007498579
115,0.003678036,0.022074887,0.089677579,0.06232418,0.040365723,0.104226355,0.089395898,0.094411186,0.249008521,0.018680273,0.017999718,0.032349542,0.002919526,0.021067954,0.063695807,0.032664293,0.016454158,0.003591194,0.010513643,0.024669387,0.000232139
116,0.039522081,0.001362736,0.002678056,0.089805526,0.031959471,0.003697945,0.021696077,0.073471641,0.000803882,0.010676962,0.024573438,0.0218125,0.052075131,0.126078616,0.000744408,0.145643361,0.093557218,0.035428588,0.041278454,0.182870548,0.000263362
117,0.004202548,0.010123309,0.60339656,0.143540956,0.016671321,0.015406564,0.002924981,0.002237135,0.014885593,0.002302468,0.016695107,0.040221734,0.003743135,0.033432602,0.007006978,0.012056127,0.000636962,0.00209687,0.041885649,0.017592542,0.00894086
118,0.018613252,0.000518493,9.98E-05,0.029059542,0.007249697,0.014633555,0.007992718,0.002432196,0.008251161,0.002365372,0.019653894,0.00162699,0.013939815,0.080999216,0.001029071,0.201697781,0.546413984,0.037864152,0.000877218,0.004648489,3.36E-05
119,0.015886465,0.592510948,0.010952119,0.001195035,0.02076021,0.005978717,0.009020176,0.025505103,0.014641687,0.123263681,0.020820413,0.004648571,0.019751204,0.013624062,0.037176763,0.020067207,0.002902957,0.020259029,0.008929745,0.031174679,0.000931229
120,0.0766539,0.020163965,0.11601192,0.012308166,0.123836367,0.080924494,0.025826132,0.169394729,0.008432795,0.034897578,0.014901189,0.008400095,0.000190549,0.007201857,0.004594872,0.013776649,0.019242378,0.151479642,0.050981513,0.060471233,0.000309978
121,0.065844402,0.002020021,0.003588609,0.156233231,0.000431079,0.001278472,0.101414037,0.036135396,0.018880248,0.056117006,0.007675246,0.009637315,3.88E-05,0.011228343,0.166932735,0.14206545,0.083751029,0.129734623,0.006532469,0.00019032,0.00027121
122,0.00228207,0.001618749,0.003683227,0.003324088,0.043224228,0.001246429,0.003652296,0.54250902,0.003458517,0.23978956,0.039990542,0.001829336,0.001731762,0.040511129,0.006390275,0.012685243,0.010093996,0.032027174,0.006980219,0.002466711,0.00050543
123,0.208980014,0.001730398,0.007047436,0.019610183,0.020200651,0.026907818,0.073328273,0.057746731,0.029688577,0.052889858,0.066706798,0.053751347,0.011082191,0.137243157,0.057018625,0.038122136,0.024894976,0.005338694,0.092108028,0.015133578,0.000470532
124,0.023665978,0.025210837,0.01053961,0.014030426,0.014861101,0.090900663,0.013035992,0.005271914,0.314985958,0.008887488,0.024193584,0.042052947,0.028299768,0.012723539,0.291448189,0.006687437,0.01277419,0.005483564,0.0327512,0.016620016,0.005575601
125,0.018380751,0.014403905,0.011811437,0.013244465,0.044435068,0.009028741,0.081429399,0.148832843,0.00862066,0.399182947,0.122648871,0.00456513,0.036916439,0.002941067,0.004185412,0.006753228,0.005503654,0.038669023,0.013481514,0.013338334,0.00162711
126,0.008995525,0.749280899,0.005571423,0.00862282,0.018114356,0.017230924,0.008056114,0.005946275,0.008547567,0.003885991,0.017685995,0.019590588,0.004636276,0.008235125,0.029493843,0.023412917,0.002085963,0.005417261,0.023572577,0.026872144,0.004745418
127,0.075611267,0.001455497,0.07398523,0.025476567,0.086751326,0.056796658,0.002108283,0.083359377,0.009352086,0.006300333,0.039839409,0.024341821,0.001154531,0.153124114,0.017778437,0.016861796,0.069367935,0.221027011,0.024165632,0.010212441,0.000930249
128,0.001814035,0.002975486,0.001991249,0.000820459,0.000531257,0.003746272,0.00888753,0.005325738,0.837223523,0.000226767,0.001356148,0.022203396,0.006200272,0.002439327,0.089660469,0.003271289,0.00061266,0.000802693,0.007349254,0.002552413,9.76E-06
129,0.001368359,0.001581682,0.00107128,0.001356215,0.027388935,0.002649366,0.013116083,0.00721628,0.000649906,0.814506663,0.061124736,0.002058004,0.001693682,0.001913145,0.000955185,0.011368231,0.001043896,0.024945179,0.005317171,0.017166211,0.001509792
130,0.016388534,0.069761869,0.014273478,0.081680538,0.077202951,0.012810385,0.008958606,0.02560461,0.242749254,0.020268582,0.027606912,0.040734434,0.000591085,0.006359735,0.17793037,0.0251415,0.035483336,0.021305449,0.012081445,0.080887682,0.002179242
131,0.001060993,0.819943039,0.007989314,0.00326257,0.013889193,0.007378349,0.004422008,0.004338654,0.001816663,0.000684891,0.008449308,0.020043066,0.00189665,0.010555734,0.005240435,0.005017574,0.003761061,0.002165907,0.009115012,0.036077815,0.032891764
132,0.170879745,0.052522126,0.018470831,0.029929611,0.029305543,0.16265035,0.038831547,0.047931956,0.049973227,0.021529639,0.015547669,0.031685251,0.000156895,0.033092598,0.033869065,0.051739892,0.082701912,0.045843495,0.042643947,0.040646197,4.85E-05
133,0.005530031,0.007565974,0.165845609,0.024003529,0.005487546,0.032265084,0.019656788,0.002409284,0.01421825,0.002768622,0.009407502,0.5098459,0.068026912,0.043865223,0.001502697,0.038683404,0.002586169,0.002236022,0.015120085,0.025881273,0.003094096
134,0.126785375,0.049683537,0.010841834,0.008306748,0.031760214,0.0129431,0.017940268,0.038993246,0.007561799,0.097881789,0.228497638,0.004492292,0.106267962,0.024112718,0.00309618,0.064560018,0.026502338,0.025196829,0.037845869,0.075515535,0.001214712
135,0.047656504,0.029295275,0.007929455,0.086049595,0.071685516,0.045824359,0.01971421,0.03007267,0.047181421,0.064067894,0.027980864,0.06186478,0.022581385,0.129137831,0.051885741,0.124611812,0.009165739,0.056237804,0.021400359,0.04397991,0.001676877
136,0.011331932,0.056797352,0.130681697,0.027507892,0.0158714,0.01106274,0.107073214,0.074336102,0.024608176,0.145166791,0.010472256,0.018399198,0.019926384,0.060377807,0.01629318,0.087363725,0.037313203,0.051887199,0.070622687,0.02219901,0.000708056
137,0.043214242,0.007720689,0.202295819,0.003522846,0.042421213,0.030885649,0.034220177,0.02202421,0.103331283,0.0218949,0.051380846,0.001859967,0.0131893,0.022999151,0.040405686,0.104795723,0.109196263,0.106997009,0.006941542,0.030412239,0.000291245
138,0.112463501,0.011569554,0.032144751,0.04452483,0.011233742,0.039422808,0.015253475,0.1373392,0.029421253,0.045482383,0.065575725,0.026278007,0.01727786,0.030763586,0.046983126,0.023319545,0.020055577,0.122241376,0.120028632,0.048427381,0.000193688
139,0.006264267,0.006117009,0.091093122,0.012016413,0.020412891,0.050126775,0.053012201,0.048428308,0.112770488,0.003381386,0.015740196,0.025955883,0.033055664,0.014972524,0.041731063,0.357392017,0.047462106,0.007358809,0.027601118,0.024789053,0.000318706
140,0.038237064,0.023156661,0.007032422,0.185618802,0.013210361,0.040457057,0.040991502,0.148364866,0.00408945,0.006571733,0.026136036,0.020790608,0.006043112,0.050049057,0.218015427,0.003326436,0.025002593,0.065390366,0.028311415,0.048440337,0.000764693
141,0.484067891,0.017532105,0.11530713,0.015811545,0.069353097,0.003324902,0.015450459,0.006968474,0.012486336,0.002073828,0.016830794,0.012563067,0.016230983,0.018348529,0.004345287,0.01126188,0.071927126,0.001408265,0.085128116,0.019076545,0.000503642
142,0.018719813,0.023072391,0.005919799,0.055682443,0.006986481,0.043647012,0.00962578,0.011114325,0.02065264,0.184117857,0.052261634,0.105927408,0.225148748,0.110986043,0.016813754,0.017426219,0.024129237,0.013651663,0.033063734,0.021030033,2.30E-05
142a,0.026012778,0.05787601,0.015010177,0.022278943,0.02779355,0.031000386,0.021888686,0.031581299,0.001669311,0.003221988,0.008355828,0.544928851,0.015666959,0.030632873,0.029204111,0.027193585,0.014407038,0.023380384,0.036097833,0.029947886,0.001851525
142b,0.086950174,0.029704115,0.13523398,0.008950524,0.009914171,0.036018112,0.018838634,0.08042592,0.132008196,0.049898996,0.004003792,0.02574349,0.024252987,0.051486073,0.056791838,0.033749956,0.023004957,0.01235459,0.110889196,0.069611129,0.000169171
142c,0.106424468,0.040120222,0.019259552,0.013969607,0.07919021,0.054081294,0.047903331,0.119064092,0.046390304,0.033051587,0.009264038,0.064171137,0.05321726,0.017875768,0.084562432,0.022643381,0.048054332,0.040730687,0.056630047,0.043300987,9.53E-05
142d,0.010344806,0.035703753,0.007355088,0.01344657,0.161074611,0.018536618,0.022242938,0.005524376,0.235958101,0.017391407,0.090336443,0.013303594,0.061687511,0.019792952,0.005807259,0.012847582,0.011493433,0.026981716,0.167747064,0.062401937,2.22E-05
142e,0.106658888,0.054954465,0.024590448,0.061491834,0.007373213,0.08395251,0.02417043,0.087596969,0.049932872,0.051755792,0.038321173,0.111253546,0.056222979,0.033915441,0.052335525,0.052709031,0.010478626,0.016466742,0.014121822,0.061475402,0.000222291
143,0.214833337,0.018437657,0.001609715,0.010738884,0.004929343,0.046492775,0.050813138,0.114825363,0.205101906,0.009268532,0.023045782,0.01604587,0.024879803,0.024546776,0.056804523,0.030177979,0.006416934,0.070769768,0.036531497,0.03358521,0.000145206
144,0.043298144,0.023029686,0.013100518,0.011028387,0.003876037,0.016676212,0.034936995,0.034836491,0.04814848,0.013615693,0.012340152,0.464451685,0.03522531,0.034786148,0.038267241,0.042437277,0.050294813,0.00963676,0.044832226,0.024453685,0.000728061
145,0.034934878,0.005062266,0.019244672,0.16490734,0.015173685,0.05982882,0.009020774,0.00377365,0.033854801,0.007899183,0.06755183,0.033256614,0.066135563,0.047912537,0.273104369,0.050057078,0.012175494,0.049496657,0.034830544,0.011545443,0.000233802
146,0.017467194,0.016745027,0.112296329,0.054096804,0.021685279,0.032599421,0.005302191,0.020020647,0.130581161,0.005834444,0.069665782,0.138122059,0.017970904,0.020010308,0.082550486,0.011305564,0.023330657,0.098312386,0.03508272,0.083689315,0.003331319
147,0.016483418,0.000457679,0.005894755,0.030199293,0.025354847,0.010582643,0.024047166,0.041166057,0.098153919,0.019134223,0.014135582,0.024722822,0.006467184,0.019416809,0.14582931,0.014019925,0.018475967,0.019617422,0.013731651,0.451652448,0.000456879
148,0.020487782,0.024337481,0.050956072,0.028394403,0.028617963,0.034562465,0.0365752,0.118276274,0.253493248,0.021589336,0.037840119,0.159923236,0.036888897,0.007223695,0.0277957,0.017665345,0.025621504,0.022147799,0.020058409,0.027352164,0.000192908
149,0.024677927,0.003293777,0.020508606,0.029440119,0.041590421,0.008545433,0.000799139,0.042746008,0.017241924,0.191636609,0.126090805,0.087344097,0.011405078,0.0877865,0.001295259,0.0552015,0.058639025,0.069952224,0.047343161,0.073799092,0.000663299
150,0.122689891,0.000300388,0.076330759,0.020065411,0.015327895,0.06901687,0.023166061,0.024558977,0.189493145,0.039756376,0.017126807,0.083297263,0.013690943,0.127244764,0.033038117,0.01890369,0.020381306,0.018696162,0.044342423,0.041870818,0.000701935
151,0.035528898,0.00159501,0.059400456,0.240250149,0.00460542,0.051358411,0.153234743,0.034283423,0.076036021,0.018705139,0.047217957,0.039313879,0.025564106,0.04253541,0.005908014,0.080160782,0.019049772,0.005000402,0.026625447,0.029601148,0.004025414
152,0.011251692,0.007932371,0.070330966,0.328379723,0.007497763,0.259506783,0.007794443,0.046959871,0.016819982,0.004189184,0.011292876,0.030619311,0.013476832,0.006045157,0.056151953,0.029961711,0.018427215,0.027180916,0.039944757,0.00441694,0.001819553
153,0.088222947,0.008917548,0.108475928,0.401983245,0.012980444,0.014483782,0.021245656,0.011259148,0.141927284,0.011202994,0.009635415,0.03898807,0.003170239,0.028316407,0.003863656,0.009583115,0.00966976,0.013085928,0.018964236,0.013261819,0.030762382
154,0.002552127,0.011153412,0.013801174,0.004863622,0.024202799,0.019045794,0.009492161,0.432958125,0.03463932,0.103892526,0.133057579,0.003956521,0.008521429,0.037519582,0.016997066,0.003544022,0.020729107,0.075543064,0.030503478,0.007028676,0.005998418
155,0.068039676,0.008045711,0.006964933,0.019503187,0.072007458,0.007553582,0.025864927,0.011008595,0.106179684,0.009911794,0.05707676,0.011119993,0.002529599,0.056524724,0.122569326,0.175495278,0.006300062,0.00754713,0.017587851,0.202307717,0.005862011
156,0.011408128,0.017045628,0.053532129,0.008823956,0.021995027,0.007978526,0.020744246,0.107745635,0.343145381,0.062810809,0.026223948,0.113420941,0.007238554,0.019874941,0.008859036,0.036759709,0.016230759,0.003349008,0.005503551,0.104913101,0.002396986
157,0.002234924,0.879878991,0.005775262,0.005180023,0.012860088,0.002838901,0.007671811,0.002402483,0.00220004,0.002897881,0.006805374,0.003092681,0.002944609,0.007211124,0.010959718,0.003578082,0.004473324,0.002794797,0.004604524,0.0100146,0.019580765
158,0.00541902,0.006226588,0.006086805,0.078956243,0.019297012,0.001597499,0.019197767,0.006173865,0.006134465,0.006021937,0.0215635,0.0059815,0.050743924,0.004890384,0.005506386,0.524846108,0.178875277,0.009055444,0.017542802,0.023427269,0.002456206
159,0.005156422,0.011667877,0.009707273,0.003078949,0.779301569,0.00811346,0.008528847,0.003007166,0.006230482,0.015197886,0.016190946,0.012597939,0.005252992,0.010098069,0.010219545,0.010616358,0.001751375,0.006749915,0.027600694,0.047429175,0.001503061
160,0.039076621,0.006965606,0.008614344,0.004278847,0.012488024,0.03023625,0.01519924,0.017023971,0.52013921,0.008528079,0.023538374,0.015672196,0.00546455,0.010270876,0.178104184,0.050748375,0.012314835,0.004058092,0.019551524,0.017030849,0.000695955
161,0.011655636,0.004055386,0.00358036,0.012766969,0.00590721,0.01535615,0.054633834,0.239592049,0.016952669,0.020953148,0.051626931,0.008037993,0.011686165,0.012502695,0.065830759,0.029626036,0.343687394,0.051139158,0.024320679,0.014099471,0.001989309
162,0.002995033,0.017515467,0.012002892,0.00884652,0.005941133,0.153096078,0.286112699,0.016628729,0.02572218,0.001670244,0.032311752,0.002313997,0.037371408,0.00573767,0.355880513,0.00299788,0.001553337,0.002031929,0.016850273,0.009931166,0.002489099
163,0.005443026,0.002257792,0.000222652,0.010295904,0.001327164,0.018257088,0.043650948,0.008065397,0.29071567,0.004225768,0.014554328,0.00310552,0.009970873,0.023496067,0.424311385,0.127569424,0.006452103,0.003195644,0.000366787,0.002127068,0.000389393
164,0.008855299,0.012864169,0.004263075,0.010468467,0.013505856,0.085549655,0.054829994,0.018422936,0.219042403,0.010093424,0.033541038,0.046276062,0.002894215,0.035952722,0.409576489,0.008112026,0.002408264,0.004901243,0.008129562,0.010258479,5.46E-05
165,0.015399158,0.007297138,0.003187999,0.02630993,0.00873486,0.144249351,0.012484849,0.029177442,0.056391455,0.002761899,0.036654708,0.07830006,0.003699399,0.031440737,0.465269456,0.010168591,0.046248206,0.004227517,0.003512337,0.014312224,0.000172685
166,0.007170864,0.00498299,0.021930093,0.02072038,0.00430206,0.014577094,0.010922827,0.027640189,0.229173284,0.013787694,0.012037613,0.01598492,0.009796144,0.010472493,0.373673632,0.17924864,0.00325614,0.007937848,0.014942682,0.012469957,0.004972456
167,0.011679861,0.016877166,0.033763712,0.009827147,0.01585218,0.013051189,0.033827886,0.001741272,0.39602828,0.005007334,0.001128766,0.121224417,0.000951409,0.009145739,0.304233597,0.006465974,0.005465137,0.002022337,0.009665969,0.002004499,3.61E-05
168,0.005984995,0.038558307,0.014642035,0.035164745,0.039932085,0.004933042,0.066175035,0.147158428,0.139541143,0.173266182,0.055158595,0.036295717,0.017271747,0.00945254,0.094538552,0.042814527,0.021234431,0.025630451,0.026044795,0.005625716,0.000576931
169,0.107330744,0.017188831,0.007778765,0.007660155,0.003674762,0.016479941,0.169294882,0.010706316,0.101817195,0.016232928,0.203925357,0.031935927,0.018952672,0.075304469,0.067305846,0.011841156,0.058271925,0.020228589,0.030390022,0.023547188,0.000132329
170,0.033262227,0.004611388,0.010665966,0.002063504,0.015698859,0.002254336,0.009165828,0.004900174,0.016742983,0.035032623,0.015204841,0.009221082,0.000434278,0.027783124,0.103936611,0.096231036,0.011914516,0.562906226,0.027404164,0.010016741,0.000549494
171,0.027322632,0.00668792,0.017810432,0.029933686,0.04079787,0.002302719,0.002263028,0.012539179,0.070829859,0.001240627,0.013723605,0.044164056,0.013084267,0.026168552,0.629251169,0.030797948,0.001591568,0.014091622,0.00264176,0.008928124,0.003829378
172,0.167861597,0.028554813,0.081723044,0.008364171,0.008488649,0.01974197,0.022067848,0.015339716,0.154495654,0.049558514,0.082618597,0.105603374,0.00040054,0.079980861,0.035327125,0.04221449,0.020946297,0.011905381,0.034962547,0.022937435,0.006907375
173,0.00675802,0.009013131,0.018147762,0.010341967,0.055110475,0.002264626,0.426165756,0.002884535,0.009554099,0.001410966,0.02283111,0.175757394,0.002709747,0.021917997,0.001557288,0.020746677,0.065340663,0.026948373,0.010306292,0.10876954,0.001463583
174,0.440311955,0.042294097,0.01325042,0.025385966,0.02242751,0.059409237,0.012777756,0.007130788,0.009964907,0.004413796,0.025857716,0.005513433,0.005024686,0.010235978,0.007966585,0.134383998,0.063606148,0.071445092,0.028134613,0.00585036,0.004614958
175,0.101874582,0.039555192,0.017301802,0.010390323,0.065725333,0.002038155,0.017544355,0.065639425,0.003706112,0.413414059,0.022528169,0.010924751,0.011365184,0.003283086,0.010502051,0.054453187,0.010345749,0.018930333,0.041137015,0.07891402,0.000427117
176,0.029680234,0.045693698,0.0270371,0.021774384,0.168368976,0.015982614,0.03683303,0.0958299,0.007259118,0.259780269,0.030473382,0.02116989,0.033249748,0.019395151,0.055011275,0.040401311,0.005983097,0.018010346,0.018635862,0.043207314,0.006223301
177,0.015571655,0.027036863,0.036787439,0.027730393,0.058146014,0.004834529,0.033616781,0.00828298,0.013622964,0.030929292,0.02453737,0.034752116,0.009072697,0.022886231,0.00742475,0.004811227,0.005547489,0.004677822,0.027868775,0.552992993,0.048869619
178,0.024395704,0.026391043,0.025352538,0.103706817,0.031035742,0.011278704,0.033955316,0.126274109,0.067670409,0.026960235,0.065404961,0.073259275,0.013118668,0.036987637,0.192274374,0.00291304,0.051652855,0.039844033,0.033113236,0.004856529,0.009554774
179,0.003888043,0.020727344,0.01898501,0.005621085,0.503978088,0.131626376,0.022191401,0.028540295,0.021267374,0.036861131,0.027788035,0.022923256,0.059721724,0.011858064,0.008668749,0.029858376,0.00625388,0.002503647,0.021149812,0.004860027,0.010728283
180,0.034988795,0.037756608,0.23737569,0.041156621,0.03422444,0.106263118,0.022551225,0.03738863,0.038392903,0.005256882,0.043927197,0.08360846,0.020076511,0.028748476,0.019912802,0.040592915,0.023292657,0.029580001,0.03778601,0.047621054,0.029499004
181,0.019612387,0.034017517,0.017036239,0.015189714,0.017116257,0.019635003,0.030203937,0.229826766,0.070821428,0.201299287,0.044962671,0.020332478,0.0249479,0.013957492,0.017054721,0.014047601,0.054771149,0.082964747,0.040051542,0.021704218,0.010446947
182,0.063765829,0.012669088,0.0204708,0.03912702,0.029258826,0.017586985,0.017157675,0.014372964,0.061482787,0.02139068,0.357446402,0.010800044,0.007988734,0.015855378,0.201899508,0.017286404,0.010534511,0.03292486,0.024739691,0.020820005,0.002421809
183,0.131439726,0.023585305,0.020731159,0.036182998,0.036343997,0.024814725,0.011446686,0.040922358,0.045987636,0.058433011,0.031299637,0.004806493,0.047913607,0.032031855,0.03549249,0.237646351,0.084867036,0.044855206,0.029644541,0.00903586,0.012519326
